# number of step
100
# step
-1.000000000e+01 
-1.000000000e+01 
-1.000000000e+01 
-1.000000000e+01 
-1.000000000e+01 
-1.000000000e+01 
-1.000000000e+01 
-1.000000000e+01 
-1.000000000e+01 
-1.000000000e+01 
-1.000000000e+01 
-1.000000000e+01 
-1.000000000e+01 
-1.000000000e+01 
-1.000000000e+01 
-1.000000000e+01 
-1.000000000e+01 
-1.000000000e+01 
-1.000000000e+01 
-1.000000000e+01 
-1.000000000e+01 
-1.000000000e+01 
-1.000000000e+01 
-1.000000000e+01 
-1.000000000e+01 
-1.000000000e+01 
-1.000000000e+01 
-1.000000000e+01 
-1.000000000e+01 
-1.000000000e+01 
-1.000000000e+01 
-1.000000000e+01 
-1.000000000e+01 
-1.000000000e+01 
-1.000000000e+01 
-1.000000000e+01 
-1.000000000e+01 
-1.000000000e+01 
-1.000000000e+01 
-1.000000000e+01 
-1.000000000e+01 
-1.000000000e+01 
-1.000000000e+01 
-1.000000000e+01 
-1.000000000e+01 
-1.000000000e+01 
-1.000000000e+01 
-1.000000000e+01 
-1.000000000e+01 
-1.000000000e+01 
-1.000000000e+01 
-1.000000000e+01 
-1.000000000e+01 
-1.000000000e+01 
-1.000000000e+01 
-1.000000000e+01 
-1.000000000e+01 
-1.000000000e+01 
-1.000000000e+01 
-1.000000000e+01 
-1.000000000e+01 
-1.000000000e+01 
-1.000000000e+01 
-1.000000000e+01 
-1.000000000e+01 
-1.000000000e+01 
-1.000000000e+01 
-1.000000000e+01 
-1.000000000e+01 
-1.000000000e+01 
-1.000000000e+01 
-1.000000000e+01 
-1.000000000e+01 
-1.000000000e+01 
-1.000000000e+01 
-1.000000000e+01 
-1.000000000e+01 
-1.000000000e+01 
-1.000000000e+01 
-1.000000000e+01 
-1.000000000e+01 
-1.000000000e+01 
-1.000000000e+01 
-1.000000000e+01 
-1.000000000e+01 
-1.000000000e+01 
-1.000000000e+01 
-1.000000000e+01 
-1.000000000e+01 
-1.000000000e+01 
-1.000000000e+01 
-1.000000000e+01 
-1.000000000e+01 
-1.000000000e+01 
-1.000000000e+01 
-1.000000000e+01 
-1.000000000e+01 
-1.000000000e+01 
-1.000000000e+01 
-1.000000000e+01 
