# number of step
200
# step
5.000000000e-03 
5.000000000e-03 
5.000000000e-03 
5.000000000e-03 
5.000000000e-03 
5.000000000e-03 
5.000000000e-03 
5.000000000e-03 
5.000000000e-03 
5.000000000e-03 
5.000000000e-03 
5.000000000e-03 
5.000000000e-03 
5.000000000e-03 
5.000000000e-03 
5.000000000e-03 
5.000000000e-03 
5.000000000e-03 
5.000000000e-03 
5.000000000e-03 
5.000000000e-03 
5.000000000e-03 
5.000000000e-03 
5.000000000e-03 
5.000000000e-03 
5.000000000e-03 
5.000000000e-03 
5.000000000e-03 
5.000000000e-03 
5.000000000e-03 
5.000000000e-03 
5.000000000e-03 
5.000000000e-03 
5.000000000e-03 
5.000000000e-03 
5.000000000e-03 
5.000000000e-03 
5.000000000e-03 
5.000000000e-03 
5.000000000e-03 
5.000000000e-03 
5.000000000e-03 
5.000000000e-03 
5.000000000e-03 
5.000000000e-03 
5.000000000e-03 
5.000000000e-03 
5.000000000e-03 
5.000000000e-03 
5.000000000e-03 
5.000000000e-03 
5.000000000e-03 
5.000000000e-03 
5.000000000e-03 
5.000000000e-03 
5.000000000e-03 
5.000000000e-03 
5.000000000e-03 
5.000000000e-03 
5.000000000e-03 
5.000000000e-03 
5.000000000e-03 
5.000000000e-03 
5.000000000e-03 
5.000000000e-03 
5.000000000e-03 
5.000000000e-03 
5.000000000e-03 
5.000000000e-03 
5.000000000e-03 
5.000000000e-03 
5.000000000e-03 
5.000000000e-03 
5.000000000e-03 
5.000000000e-03 
5.000000000e-03 
5.000000000e-03 
5.000000000e-03 
5.000000000e-03 
5.000000000e-03 
5.000000000e-03 
5.000000000e-03 
5.000000000e-03 
5.000000000e-03 
5.000000000e-03 
5.000000000e-03 
5.000000000e-03 
5.000000000e-03 
5.000000000e-03 
5.000000000e-03 
5.000000000e-03 
5.000000000e-03 
5.000000000e-03 
5.000000000e-03 
5.000000000e-03 
5.000000000e-03 
5.000000000e-03 
5.000000000e-03 
5.000000000e-03 
5.000000000e-03 
5.000000000e-03 
5.000000000e-03 
5.000000000e-03 
5.000000000e-03 
5.000000000e-03 
5.000000000e-03 
5.000000000e-03 
5.000000000e-03 
5.000000000e-03 
5.000000000e-03 
5.000000000e-03 
5.000000000e-03 
5.000000000e-03 
5.000000000e-03 
5.000000000e-03 
5.000000000e-03 
5.000000000e-03 
5.000000000e-03 
5.000000000e-03 
5.000000000e-03 
5.000000000e-03 
5.000000000e-03 
5.000000000e-03 
5.000000000e-03 
5.000000000e-03 
5.000000000e-03 
5.000000000e-03 
5.000000000e-03 
5.000000000e-03 
5.000000000e-03 
5.000000000e-03 
5.000000000e-03 
5.000000000e-03 
5.000000000e-03 
5.000000000e-03 
5.000000000e-03 
5.000000000e-03 
5.000000000e-03 
5.000000000e-03 
5.000000000e-03 
5.000000000e-03 
5.000000000e-03 
5.000000000e-03 
5.000000000e-03 
5.000000000e-03 
5.000000000e-03 
5.000000000e-03 
5.000000000e-03 
5.000000000e-03 
5.000000000e-03 
5.000000000e-03 
5.000000000e-03 
5.000000000e-03 
5.000000000e-03 
5.000000000e-03 
5.000000000e-03 
5.000000000e-03 
5.000000000e-03 
5.000000000e-03 
5.000000000e-03 
5.000000000e-03 
5.000000000e-03 
5.000000000e-03 
5.000000000e-03 
5.000000000e-03 
5.000000000e-03 
5.000000000e-03 
5.000000000e-03 
5.000000000e-03 
5.000000000e-03 
5.000000000e-03 
5.000000000e-03 
5.000000000e-03 
5.000000000e-03 
5.000000000e-03 
5.000000000e-03 
5.000000000e-03 
5.000000000e-03 
5.000000000e-03 
5.000000000e-03 
5.000000000e-03 
5.000000000e-03 
5.000000000e-03 
5.000000000e-03 
5.000000000e-03 
5.000000000e-03 
5.000000000e-03 
5.000000000e-03 
5.000000000e-03 
5.000000000e-03 
5.000000000e-03 
5.000000000e-03 
5.000000000e-03 
5.000000000e-03 
5.000000000e-03 
5.000000000e-03 
5.000000000e-03 
5.000000000e-03 
5.000000000e-03 
5.000000000e-03 
