# nx number
801
# nz number
401
# bx1 coords
0.000000000e+00 -2.000000000e+04
0.000000000e+00 -1.994999978e+04
0.000000000e+00 -1.989999955e+04
0.000000000e+00 -1.984999933e+04
0.000000000e+00 -1.979999910e+04
0.000000000e+00 -1.974999888e+04
0.000000000e+00 -1.969999865e+04
0.000000000e+00 -1.964999843e+04
0.000000000e+00 -1.959999821e+04
0.000000000e+00 -1.954999798e+04
0.000000000e+00 -1.949999776e+04
0.000000000e+00 -1.944999753e+04
0.000000000e+00 -1.939999731e+04
0.000000000e+00 -1.934999709e+04
0.000000000e+00 -1.929999686e+04
0.000000000e+00 -1.924999664e+04
0.000000000e+00 -1.919999641e+04
0.000000000e+00 -1.914999619e+04
0.000000000e+00 -1.909999596e+04
0.000000000e+00 -1.904999574e+04
0.000000000e+00 -1.899999552e+04
0.000000000e+00 -1.894999529e+04
0.000000000e+00 -1.889999507e+04
0.000000000e+00 -1.884999484e+04
0.000000000e+00 -1.879999462e+04
0.000000000e+00 -1.874999440e+04
0.000000000e+00 -1.869999417e+04
0.000000000e+00 -1.864999395e+04
0.000000000e+00 -1.859999372e+04
0.000000000e+00 -1.854999350e+04
0.000000000e+00 -1.849999327e+04
0.000000000e+00 -1.844999305e+04
0.000000000e+00 -1.839999283e+04
0.000000000e+00 -1.834999260e+04
0.000000000e+00 -1.829999238e+04
0.000000000e+00 -1.824999215e+04
0.000000000e+00 -1.819999193e+04
0.000000000e+00 -1.814999171e+04
0.000000000e+00 -1.809999148e+04
0.000000000e+00 -1.804999126e+04
0.000000000e+00 -1.799999103e+04
0.000000000e+00 -1.794999081e+04
0.000000000e+00 -1.789999058e+04
0.000000000e+00 -1.784999036e+04
0.000000000e+00 -1.779999014e+04
0.000000000e+00 -1.774998991e+04
0.000000000e+00 -1.769998969e+04
0.000000000e+00 -1.764998946e+04
0.000000000e+00 -1.759998924e+04
0.000000000e+00 -1.754998902e+04
0.000000000e+00 -1.749998879e+04
0.000000000e+00 -1.744998857e+04
0.000000000e+00 -1.739998834e+04
0.000000000e+00 -1.734998812e+04
0.000000000e+00 -1.729998789e+04
0.000000000e+00 -1.724998767e+04
0.000000000e+00 -1.719998745e+04
0.000000000e+00 -1.714998722e+04
0.000000000e+00 -1.709998700e+04
0.000000000e+00 -1.704998677e+04
0.000000000e+00 -1.699998655e+04
0.000000000e+00 -1.694998633e+04
0.000000000e+00 -1.689998610e+04
0.000000000e+00 -1.684998588e+04
0.000000000e+00 -1.679998565e+04
0.000000000e+00 -1.674998543e+04
0.000000000e+00 -1.669998520e+04
0.000000000e+00 -1.664998498e+04
0.000000000e+00 -1.659998476e+04
0.000000000e+00 -1.654998453e+04
0.000000000e+00 -1.649998431e+04
0.000000000e+00 -1.644998408e+04
0.000000000e+00 -1.639998386e+04
0.000000000e+00 -1.634998363e+04
0.000000000e+00 -1.629998341e+04
0.000000000e+00 -1.624998319e+04
0.000000000e+00 -1.619998296e+04
0.000000000e+00 -1.614998274e+04
0.000000000e+00 -1.609998251e+04
0.000000000e+00 -1.604998229e+04
0.000000000e+00 -1.599998207e+04
0.000000000e+00 -1.594998184e+04
0.000000000e+00 -1.589998162e+04
0.000000000e+00 -1.584998139e+04
0.000000000e+00 -1.579998117e+04
0.000000000e+00 -1.574998094e+04
0.000000000e+00 -1.569998072e+04
0.000000000e+00 -1.564998050e+04
0.000000000e+00 -1.559998027e+04
0.000000000e+00 -1.554998005e+04
0.000000000e+00 -1.549997982e+04
0.000000000e+00 -1.544997960e+04
0.000000000e+00 -1.539997938e+04
0.000000000e+00 -1.534997915e+04
0.000000000e+00 -1.529997893e+04
0.000000000e+00 -1.524997870e+04
0.000000000e+00 -1.519997848e+04
0.000000000e+00 -1.514997825e+04
0.000000000e+00 -1.509997803e+04
0.000000000e+00 -1.504997781e+04
0.000000000e+00 -1.499997758e+04
0.000000000e+00 -1.494997736e+04
0.000000000e+00 -1.489997713e+04
0.000000000e+00 -1.484997691e+04
0.000000000e+00 -1.479997669e+04
0.000000000e+00 -1.474997646e+04
0.000000000e+00 -1.469997624e+04
0.000000000e+00 -1.464997601e+04
0.000000000e+00 -1.459997579e+04
0.000000000e+00 -1.454997556e+04
0.000000000e+00 -1.449997534e+04
0.000000000e+00 -1.444997512e+04
0.000000000e+00 -1.439997489e+04
0.000000000e+00 -1.434997467e+04
0.000000000e+00 -1.429997444e+04
0.000000000e+00 -1.424997422e+04
0.000000000e+00 -1.419997400e+04
0.000000000e+00 -1.414997377e+04
0.000000000e+00 -1.409997355e+04
0.000000000e+00 -1.404997332e+04
0.000000000e+00 -1.399997310e+04
0.000000000e+00 -1.394997287e+04
0.000000000e+00 -1.389997265e+04
0.000000000e+00 -1.384997243e+04
0.000000000e+00 -1.379997220e+04
0.000000000e+00 -1.374997198e+04
0.000000000e+00 -1.369997175e+04
0.000000000e+00 -1.364997153e+04
0.000000000e+00 -1.359997130e+04
0.000000000e+00 -1.354997108e+04
0.000000000e+00 -1.349997086e+04
0.000000000e+00 -1.344997063e+04
0.000000000e+00 -1.339997041e+04
0.000000000e+00 -1.334997018e+04
0.000000000e+00 -1.329996996e+04
0.000000000e+00 -1.324996974e+04
0.000000000e+00 -1.319996951e+04
0.000000000e+00 -1.314996929e+04
0.000000000e+00 -1.309996906e+04
0.000000000e+00 -1.304996884e+04
0.000000000e+00 -1.299996861e+04
0.000000000e+00 -1.294996839e+04
0.000000000e+00 -1.289996817e+04
0.000000000e+00 -1.284996794e+04
0.000000000e+00 -1.279996772e+04
0.000000000e+00 -1.274996749e+04
0.000000000e+00 -1.269996727e+04
0.000000000e+00 -1.264996705e+04
0.000000000e+00 -1.259996682e+04
0.000000000e+00 -1.254996660e+04
0.000000000e+00 -1.249996637e+04
0.000000000e+00 -1.244996615e+04
0.000000000e+00 -1.239996592e+04
0.000000000e+00 -1.234996570e+04
0.000000000e+00 -1.229996548e+04
0.000000000e+00 -1.224996525e+04
0.000000000e+00 -1.219996503e+04
0.000000000e+00 -1.214996480e+04
0.000000000e+00 -1.209996458e+04
0.000000000e+00 -1.204996436e+04
0.000000000e+00 -1.199996413e+04
0.000000000e+00 -1.194996391e+04
0.000000000e+00 -1.189996368e+04
0.000000000e+00 -1.184996346e+04
0.000000000e+00 -1.179996323e+04
0.000000000e+00 -1.174996301e+04
0.000000000e+00 -1.169996279e+04
0.000000000e+00 -1.164996256e+04
0.000000000e+00 -1.159996234e+04
0.000000000e+00 -1.154996211e+04
0.000000000e+00 -1.149996189e+04
0.000000000e+00 -1.144996167e+04
0.000000000e+00 -1.139996144e+04
0.000000000e+00 -1.134996122e+04
0.000000000e+00 -1.129996099e+04
0.000000000e+00 -1.124996077e+04
0.000000000e+00 -1.119996054e+04
0.000000000e+00 -1.114996032e+04
0.000000000e+00 -1.109996010e+04
0.000000000e+00 -1.104995987e+04
0.000000000e+00 -1.099995965e+04
0.000000000e+00 -1.094995942e+04
0.000000000e+00 -1.089995920e+04
0.000000000e+00 -1.084995898e+04
0.000000000e+00 -1.079995875e+04
0.000000000e+00 -1.074995853e+04
0.000000000e+00 -1.069995830e+04
0.000000000e+00 -1.064995808e+04
0.000000000e+00 -1.059995785e+04
0.000000000e+00 -1.054995763e+04
0.000000000e+00 -1.049995741e+04
0.000000000e+00 -1.044995718e+04
0.000000000e+00 -1.039995696e+04
0.000000000e+00 -1.034995673e+04
0.000000000e+00 -1.029995651e+04
0.000000000e+00 -1.024995628e+04
0.000000000e+00 -1.019995606e+04
0.000000000e+00 -1.014995584e+04
0.000000000e+00 -1.009995561e+04
0.000000000e+00 -1.004995539e+04
0.000000000e+00 -9.999955164e+03
0.000000000e+00 -9.949954940e+03
0.000000000e+00 -9.899954716e+03
0.000000000e+00 -9.849954491e+03
0.000000000e+00 -9.799954267e+03
0.000000000e+00 -9.749954043e+03
0.000000000e+00 -9.699953819e+03
0.000000000e+00 -9.649953595e+03
0.000000000e+00 -9.599953371e+03
0.000000000e+00 -9.549953146e+03
0.000000000e+00 -9.499952922e+03
0.000000000e+00 -9.449952698e+03
0.000000000e+00 -9.399952474e+03
0.000000000e+00 -9.349952250e+03
0.000000000e+00 -9.299952025e+03
0.000000000e+00 -9.249951801e+03
0.000000000e+00 -9.199951577e+03
0.000000000e+00 -9.149951353e+03
0.000000000e+00 -9.099951129e+03
0.000000000e+00 -9.049950905e+03
0.000000000e+00 -8.999950680e+03
0.000000000e+00 -8.949950456e+03
0.000000000e+00 -8.899950232e+03
0.000000000e+00 -8.849950008e+03
0.000000000e+00 -8.799949784e+03
0.000000000e+00 -8.749949559e+03
0.000000000e+00 -8.699949335e+03
0.000000000e+00 -8.649949111e+03
0.000000000e+00 -8.599948887e+03
0.000000000e+00 -8.549948663e+03
0.000000000e+00 -8.499948439e+03
0.000000000e+00 -8.449948214e+03
0.000000000e+00 -8.399947990e+03
0.000000000e+00 -8.349947766e+03
0.000000000e+00 -8.299947542e+03
0.000000000e+00 -8.249947318e+03
0.000000000e+00 -8.199947094e+03
0.000000000e+00 -8.149946869e+03
0.000000000e+00 -8.099946645e+03
0.000000000e+00 -8.049946421e+03
0.000000000e+00 -7.999946197e+03
0.000000000e+00 -7.949945973e+03
0.000000000e+00 -7.899945748e+03
0.000000000e+00 -7.849945524e+03
0.000000000e+00 -7.799945300e+03
0.000000000e+00 -7.749945076e+03
0.000000000e+00 -7.699944852e+03
0.000000000e+00 -7.649944628e+03
0.000000000e+00 -7.599944403e+03
0.000000000e+00 -7.549944179e+03
0.000000000e+00 -7.499943955e+03
0.000000000e+00 -7.449943731e+03
0.000000000e+00 -7.399943507e+03
0.000000000e+00 -7.349943282e+03
0.000000000e+00 -7.299943058e+03
0.000000000e+00 -7.249942834e+03
0.000000000e+00 -7.199942610e+03
0.000000000e+00 -7.149942386e+03
0.000000000e+00 -7.099942162e+03
0.000000000e+00 -7.049941937e+03
0.000000000e+00 -6.999941713e+03
0.000000000e+00 -6.949941489e+03
0.000000000e+00 -6.899941265e+03
0.000000000e+00 -6.849941041e+03
0.000000000e+00 -6.799940816e+03
0.000000000e+00 -6.749940592e+03
0.000000000e+00 -6.699940368e+03
0.000000000e+00 -6.649940144e+03
0.000000000e+00 -6.599939920e+03
0.000000000e+00 -6.549939696e+03
0.000000000e+00 -6.499939471e+03
0.000000000e+00 -6.449939247e+03
0.000000000e+00 -6.399939023e+03
0.000000000e+00 -6.349938799e+03
0.000000000e+00 -6.299938575e+03
0.000000000e+00 -6.249938350e+03
0.000000000e+00 -6.199938126e+03
0.000000000e+00 -6.149937902e+03
0.000000000e+00 -6.099937678e+03
0.000000000e+00 -6.049937454e+03
0.000000000e+00 -5.999937230e+03
0.000000000e+00 -5.949937005e+03
0.000000000e+00 -5.899936781e+03
0.000000000e+00 -5.849936557e+03
0.000000000e+00 -5.799936333e+03
0.000000000e+00 -5.749936109e+03
0.000000000e+00 -5.699935884e+03
0.000000000e+00 -5.649935660e+03
0.000000000e+00 -5.599935436e+03
0.000000000e+00 -5.549935212e+03
0.000000000e+00 -5.499934988e+03
0.000000000e+00 -5.449934764e+03
0.000000000e+00 -5.399934539e+03
0.000000000e+00 -5.349934315e+03
0.000000000e+00 -5.299934091e+03
0.000000000e+00 -5.249933867e+03
0.000000000e+00 -5.199933643e+03
0.000000000e+00 -5.149933419e+03
0.000000000e+00 -5.099933194e+03
0.000000000e+00 -5.049932970e+03
0.000000000e+00 -4.999932746e+03
0.000000000e+00 -4.949932522e+03
0.000000000e+00 -4.899932298e+03
0.000000000e+00 -4.849932073e+03
0.000000000e+00 -4.799931849e+03
0.000000000e+00 -4.749931625e+03
0.000000000e+00 -4.699931401e+03
0.000000000e+00 -4.649931177e+03
0.000000000e+00 -4.599930953e+03
0.000000000e+00 -4.549930728e+03
0.000000000e+00 -4.499930504e+03
0.000000000e+00 -4.449930280e+03
0.000000000e+00 -4.399930056e+03
0.000000000e+00 -4.349929832e+03
0.000000000e+00 -4.299929607e+03
0.000000000e+00 -4.249929383e+03
0.000000000e+00 -4.199929159e+03
0.000000000e+00 -4.149928935e+03
0.000000000e+00 -4.099928711e+03
0.000000000e+00 -4.049928487e+03
0.000000000e+00 -3.999928262e+03
0.000000000e+00 -3.949928038e+03
0.000000000e+00 -3.899927814e+03
0.000000000e+00 -3.849927590e+03
0.000000000e+00 -3.799927366e+03
0.000000000e+00 -3.749927141e+03
0.000000000e+00 -3.699926917e+03
0.000000000e+00 -3.649926693e+03
0.000000000e+00 -3.599926469e+03
0.000000000e+00 -3.549926245e+03
0.000000000e+00 -3.499926021e+03
0.000000000e+00 -3.449925796e+03
0.000000000e+00 -3.399925572e+03
0.000000000e+00 -3.349925348e+03
0.000000000e+00 -3.299925124e+03
0.000000000e+00 -3.249924900e+03
0.000000000e+00 -3.199924675e+03
0.000000000e+00 -3.149924451e+03
0.000000000e+00 -3.099924227e+03
0.000000000e+00 -3.049924003e+03
0.000000000e+00 -2.999923779e+03
0.000000000e+00 -2.949923555e+03
0.000000000e+00 -2.899923330e+03
0.000000000e+00 -2.849923106e+03
0.000000000e+00 -2.799922882e+03
0.000000000e+00 -2.749922658e+03
0.000000000e+00 -2.699922434e+03
0.000000000e+00 -2.649922210e+03
0.000000000e+00 -2.599921985e+03
0.000000000e+00 -2.549921761e+03
0.000000000e+00 -2.499921537e+03
0.000000000e+00 -2.449921313e+03
0.000000000e+00 -2.399921089e+03
0.000000000e+00 -2.349920864e+03
0.000000000e+00 -2.299920640e+03
0.000000000e+00 -2.249920416e+03
0.000000000e+00 -2.199920192e+03
0.000000000e+00 -2.149919968e+03
0.000000000e+00 -2.099919744e+03
0.000000000e+00 -2.049919519e+03
0.000000000e+00 -1.999919295e+03
0.000000000e+00 -1.949919071e+03
0.000000000e+00 -1.899918847e+03
0.000000000e+00 -1.849918623e+03
0.000000000e+00 -1.799918398e+03
0.000000000e+00 -1.749918174e+03
0.000000000e+00 -1.699917950e+03
0.000000000e+00 -1.649917726e+03
0.000000000e+00 -1.599917502e+03
0.000000000e+00 -1.549917278e+03
0.000000000e+00 -1.499917053e+03
0.000000000e+00 -1.449916829e+03
0.000000000e+00 -1.399916605e+03
0.000000000e+00 -1.349916381e+03
0.000000000e+00 -1.299916157e+03
0.000000000e+00 -1.249915932e+03
0.000000000e+00 -1.199915708e+03
0.000000000e+00 -1.149915484e+03
0.000000000e+00 -1.099915260e+03
0.000000000e+00 -1.049915036e+03
0.000000000e+00 -9.999148116e+02
0.000000000e+00 -9.499145874e+02
0.000000000e+00 -8.999143632e+02
0.000000000e+00 -8.499141390e+02
0.000000000e+00 -7.999139149e+02
0.000000000e+00 -7.499136907e+02
0.000000000e+00 -6.999134665e+02
0.000000000e+00 -6.499132423e+02
0.000000000e+00 -5.999130181e+02
0.000000000e+00 -5.499127939e+02
0.000000000e+00 -4.999125698e+02
0.000000000e+00 -4.499123456e+02
0.000000000e+00 -3.999121214e+02
0.000000000e+00 -3.499118972e+02
0.000000000e+00 -2.999116730e+02
0.000000000e+00 -2.499114489e+02
0.000000000e+00 -1.999112247e+02
0.000000000e+00 -1.499110005e+02
0.000000000e+00 -9.991077633e+01
0.000000000e+00 -4.991055215e+01
0.000000000e+00 8.967203115e-02
# bx2 coords
4.000000000e+04 -2.000000000e+04
4.000000000e+04 -1.995000022e+04
4.000000000e+04 -1.990000045e+04
4.000000000e+04 -1.985000067e+04
4.000000000e+04 -1.980000090e+04
4.000000000e+04 -1.975000112e+04
4.000000000e+04 -1.970000135e+04
4.000000000e+04 -1.965000157e+04
4.000000000e+04 -1.960000179e+04
4.000000000e+04 -1.955000202e+04
4.000000000e+04 -1.950000224e+04
4.000000000e+04 -1.945000247e+04
4.000000000e+04 -1.940000269e+04
4.000000000e+04 -1.935000291e+04
4.000000000e+04 -1.930000314e+04
4.000000000e+04 -1.925000336e+04
4.000000000e+04 -1.920000359e+04
4.000000000e+04 -1.915000381e+04
4.000000000e+04 -1.910000404e+04
4.000000000e+04 -1.905000426e+04
4.000000000e+04 -1.900000448e+04
4.000000000e+04 -1.895000471e+04
4.000000000e+04 -1.890000493e+04
4.000000000e+04 -1.885000516e+04
4.000000000e+04 -1.880000538e+04
4.000000000e+04 -1.875000560e+04
4.000000000e+04 -1.870000583e+04
4.000000000e+04 -1.865000605e+04
4.000000000e+04 -1.860000628e+04
4.000000000e+04 -1.855000650e+04
4.000000000e+04 -1.850000673e+04
4.000000000e+04 -1.845000695e+04
4.000000000e+04 -1.840000717e+04
4.000000000e+04 -1.835000740e+04
4.000000000e+04 -1.830000762e+04
4.000000000e+04 -1.825000785e+04
4.000000000e+04 -1.820000807e+04
4.000000000e+04 -1.815000829e+04
4.000000000e+04 -1.810000852e+04
4.000000000e+04 -1.805000874e+04
4.000000000e+04 -1.800000897e+04
4.000000000e+04 -1.795000919e+04
4.000000000e+04 -1.790000942e+04
4.000000000e+04 -1.785000964e+04
4.000000000e+04 -1.780000986e+04
4.000000000e+04 -1.775001009e+04
4.000000000e+04 -1.770001031e+04
4.000000000e+04 -1.765001054e+04
4.000000000e+04 -1.760001076e+04
4.000000000e+04 -1.755001098e+04
4.000000000e+04 -1.750001121e+04
4.000000000e+04 -1.745001143e+04
4.000000000e+04 -1.740001166e+04
4.000000000e+04 -1.735001188e+04
4.000000000e+04 -1.730001211e+04
4.000000000e+04 -1.725001233e+04
4.000000000e+04 -1.720001255e+04
4.000000000e+04 -1.715001278e+04
4.000000000e+04 -1.710001300e+04
4.000000000e+04 -1.705001323e+04
4.000000000e+04 -1.700001345e+04
4.000000000e+04 -1.695001367e+04
4.000000000e+04 -1.690001390e+04
4.000000000e+04 -1.685001412e+04
4.000000000e+04 -1.680001435e+04
4.000000000e+04 -1.675001457e+04
4.000000000e+04 -1.670001480e+04
4.000000000e+04 -1.665001502e+04
4.000000000e+04 -1.660001524e+04
4.000000000e+04 -1.655001547e+04
4.000000000e+04 -1.650001569e+04
4.000000000e+04 -1.645001592e+04
4.000000000e+04 -1.640001614e+04
4.000000000e+04 -1.635001637e+04
4.000000000e+04 -1.630001659e+04
4.000000000e+04 -1.625001681e+04
4.000000000e+04 -1.620001704e+04
4.000000000e+04 -1.615001726e+04
4.000000000e+04 -1.610001749e+04
4.000000000e+04 -1.605001771e+04
4.000000000e+04 -1.600001793e+04
4.000000000e+04 -1.595001816e+04
4.000000000e+04 -1.590001838e+04
4.000000000e+04 -1.585001861e+04
4.000000000e+04 -1.580001883e+04
4.000000000e+04 -1.575001906e+04
4.000000000e+04 -1.570001928e+04
4.000000000e+04 -1.565001950e+04
4.000000000e+04 -1.560001973e+04
4.000000000e+04 -1.555001995e+04
4.000000000e+04 -1.550002018e+04
4.000000000e+04 -1.545002040e+04
4.000000000e+04 -1.540002062e+04
4.000000000e+04 -1.535002085e+04
4.000000000e+04 -1.530002107e+04
4.000000000e+04 -1.525002130e+04
4.000000000e+04 -1.520002152e+04
4.000000000e+04 -1.515002175e+04
4.000000000e+04 -1.510002197e+04
4.000000000e+04 -1.505002219e+04
4.000000000e+04 -1.500002242e+04
4.000000000e+04 -1.495002264e+04
4.000000000e+04 -1.490002287e+04
4.000000000e+04 -1.485002309e+04
4.000000000e+04 -1.480002331e+04
4.000000000e+04 -1.475002354e+04
4.000000000e+04 -1.470002376e+04
4.000000000e+04 -1.465002399e+04
4.000000000e+04 -1.460002421e+04
4.000000000e+04 -1.455002444e+04
4.000000000e+04 -1.450002466e+04
4.000000000e+04 -1.445002488e+04
4.000000000e+04 -1.440002511e+04
4.000000000e+04 -1.435002533e+04
4.000000000e+04 -1.430002556e+04
4.000000000e+04 -1.425002578e+04
4.000000000e+04 -1.420002600e+04
4.000000000e+04 -1.415002623e+04
4.000000000e+04 -1.410002645e+04
4.000000000e+04 -1.405002668e+04
4.000000000e+04 -1.400002690e+04
4.000000000e+04 -1.395002713e+04
4.000000000e+04 -1.390002735e+04
4.000000000e+04 -1.385002757e+04
4.000000000e+04 -1.380002780e+04
4.000000000e+04 -1.375002802e+04
4.000000000e+04 -1.370002825e+04
4.000000000e+04 -1.365002847e+04
4.000000000e+04 -1.360002870e+04
4.000000000e+04 -1.355002892e+04
4.000000000e+04 -1.350002914e+04
4.000000000e+04 -1.345002937e+04
4.000000000e+04 -1.340002959e+04
4.000000000e+04 -1.335002982e+04
4.000000000e+04 -1.330003004e+04
4.000000000e+04 -1.325003026e+04
4.000000000e+04 -1.320003049e+04
4.000000000e+04 -1.315003071e+04
4.000000000e+04 -1.310003094e+04
4.000000000e+04 -1.305003116e+04
4.000000000e+04 -1.300003139e+04
4.000000000e+04 -1.295003161e+04
4.000000000e+04 -1.290003183e+04
4.000000000e+04 -1.285003206e+04
4.000000000e+04 -1.280003228e+04
4.000000000e+04 -1.275003251e+04
4.000000000e+04 -1.270003273e+04
4.000000000e+04 -1.265003295e+04
4.000000000e+04 -1.260003318e+04
4.000000000e+04 -1.255003340e+04
4.000000000e+04 -1.250003363e+04
4.000000000e+04 -1.245003385e+04
4.000000000e+04 -1.240003408e+04
4.000000000e+04 -1.235003430e+04
4.000000000e+04 -1.230003452e+04
4.000000000e+04 -1.225003475e+04
4.000000000e+04 -1.220003497e+04
4.000000000e+04 -1.215003520e+04
4.000000000e+04 -1.210003542e+04
4.000000000e+04 -1.205003564e+04
4.000000000e+04 -1.200003587e+04
4.000000000e+04 -1.195003609e+04
4.000000000e+04 -1.190003632e+04
4.000000000e+04 -1.185003654e+04
4.000000000e+04 -1.180003677e+04
4.000000000e+04 -1.175003699e+04
4.000000000e+04 -1.170003721e+04
4.000000000e+04 -1.165003744e+04
4.000000000e+04 -1.160003766e+04
4.000000000e+04 -1.155003789e+04
4.000000000e+04 -1.150003811e+04
4.000000000e+04 -1.145003833e+04
4.000000000e+04 -1.140003856e+04
4.000000000e+04 -1.135003878e+04
4.000000000e+04 -1.130003901e+04
4.000000000e+04 -1.125003923e+04
4.000000000e+04 -1.120003946e+04
4.000000000e+04 -1.115003968e+04
4.000000000e+04 -1.110003990e+04
4.000000000e+04 -1.105004013e+04
4.000000000e+04 -1.100004035e+04
4.000000000e+04 -1.095004058e+04
4.000000000e+04 -1.090004080e+04
4.000000000e+04 -1.085004102e+04
4.000000000e+04 -1.080004125e+04
4.000000000e+04 -1.075004147e+04
4.000000000e+04 -1.070004170e+04
4.000000000e+04 -1.065004192e+04
4.000000000e+04 -1.060004215e+04
4.000000000e+04 -1.055004237e+04
4.000000000e+04 -1.050004259e+04
4.000000000e+04 -1.045004282e+04
4.000000000e+04 -1.040004304e+04
4.000000000e+04 -1.035004327e+04
4.000000000e+04 -1.030004349e+04
4.000000000e+04 -1.025004372e+04
4.000000000e+04 -1.020004394e+04
4.000000000e+04 -1.015004416e+04
4.000000000e+04 -1.010004439e+04
4.000000000e+04 -1.005004461e+04
4.000000000e+04 -1.000004484e+04
4.000000000e+04 -9.950045060e+03
4.000000000e+04 -9.900045284e+03
4.000000000e+04 -9.850045509e+03
4.000000000e+04 -9.800045733e+03
4.000000000e+04 -9.750045957e+03
4.000000000e+04 -9.700046181e+03
4.000000000e+04 -9.650046405e+03
4.000000000e+04 -9.600046629e+03
4.000000000e+04 -9.550046854e+03
4.000000000e+04 -9.500047078e+03
4.000000000e+04 -9.450047302e+03
4.000000000e+04 -9.400047526e+03
4.000000000e+04 -9.350047750e+03
4.000000000e+04 -9.300047975e+03
4.000000000e+04 -9.250048199e+03
4.000000000e+04 -9.200048423e+03
4.000000000e+04 -9.150048647e+03
4.000000000e+04 -9.100048871e+03
4.000000000e+04 -9.050049095e+03
4.000000000e+04 -9.000049320e+03
4.000000000e+04 -8.950049544e+03
4.000000000e+04 -8.900049768e+03
4.000000000e+04 -8.850049992e+03
4.000000000e+04 -8.800050216e+03
4.000000000e+04 -8.750050441e+03
4.000000000e+04 -8.700050665e+03
4.000000000e+04 -8.650050889e+03
4.000000000e+04 -8.600051113e+03
4.000000000e+04 -8.550051337e+03
4.000000000e+04 -8.500051561e+03
4.000000000e+04 -8.450051786e+03
4.000000000e+04 -8.400052010e+03
4.000000000e+04 -8.350052234e+03
4.000000000e+04 -8.300052458e+03
4.000000000e+04 -8.250052682e+03
4.000000000e+04 -8.200052906e+03
4.000000000e+04 -8.150053131e+03
4.000000000e+04 -8.100053355e+03
4.000000000e+04 -8.050053579e+03
4.000000000e+04 -8.000053803e+03
4.000000000e+04 -7.950054027e+03
4.000000000e+04 -7.900054252e+03
4.000000000e+04 -7.850054476e+03
4.000000000e+04 -7.800054700e+03
4.000000000e+04 -7.750054924e+03
4.000000000e+04 -7.700055148e+03
4.000000000e+04 -7.650055372e+03
4.000000000e+04 -7.600055597e+03
4.000000000e+04 -7.550055821e+03
4.000000000e+04 -7.500056045e+03
4.000000000e+04 -7.450056269e+03
4.000000000e+04 -7.400056493e+03
4.000000000e+04 -7.350056718e+03
4.000000000e+04 -7.300056942e+03
4.000000000e+04 -7.250057166e+03
4.000000000e+04 -7.200057390e+03
4.000000000e+04 -7.150057614e+03
4.000000000e+04 -7.100057838e+03
4.000000000e+04 -7.050058063e+03
4.000000000e+04 -7.000058287e+03
4.000000000e+04 -6.950058511e+03
4.000000000e+04 -6.900058735e+03
4.000000000e+04 -6.850058959e+03
4.000000000e+04 -6.800059184e+03
4.000000000e+04 -6.750059408e+03
4.000000000e+04 -6.700059632e+03
4.000000000e+04 -6.650059856e+03
4.000000000e+04 -6.600060080e+03
4.000000000e+04 -6.550060304e+03
4.000000000e+04 -6.500060529e+03
4.000000000e+04 -6.450060753e+03
4.000000000e+04 -6.400060977e+03
4.000000000e+04 -6.350061201e+03
4.000000000e+04 -6.300061425e+03
4.000000000e+04 -6.250061650e+03
4.000000000e+04 -6.200061874e+03
4.000000000e+04 -6.150062098e+03
4.000000000e+04 -6.100062322e+03
4.000000000e+04 -6.050062546e+03
4.000000000e+04 -6.000062770e+03
4.000000000e+04 -5.950062995e+03
4.000000000e+04 -5.900063219e+03
4.000000000e+04 -5.850063443e+03
4.000000000e+04 -5.800063667e+03
4.000000000e+04 -5.750063891e+03
4.000000000e+04 -5.700064116e+03
4.000000000e+04 -5.650064340e+03
4.000000000e+04 -5.600064564e+03
4.000000000e+04 -5.550064788e+03
4.000000000e+04 -5.500065012e+03
4.000000000e+04 -5.450065236e+03
4.000000000e+04 -5.400065461e+03
4.000000000e+04 -5.350065685e+03
4.000000000e+04 -5.300065909e+03
4.000000000e+04 -5.250066133e+03
4.000000000e+04 -5.200066357e+03
4.000000000e+04 -5.150066581e+03
4.000000000e+04 -5.100066806e+03
4.000000000e+04 -5.050067030e+03
4.000000000e+04 -5.000067254e+03
4.000000000e+04 -4.950067478e+03
4.000000000e+04 -4.900067702e+03
4.000000000e+04 -4.850067927e+03
4.000000000e+04 -4.800068151e+03
4.000000000e+04 -4.750068375e+03
4.000000000e+04 -4.700068599e+03
4.000000000e+04 -4.650068823e+03
4.000000000e+04 -4.600069047e+03
4.000000000e+04 -4.550069272e+03
4.000000000e+04 -4.500069496e+03
4.000000000e+04 -4.450069720e+03
4.000000000e+04 -4.400069944e+03
4.000000000e+04 -4.350070168e+03
4.000000000e+04 -4.300070393e+03
4.000000000e+04 -4.250070617e+03
4.000000000e+04 -4.200070841e+03
4.000000000e+04 -4.150071065e+03
4.000000000e+04 -4.100071289e+03
4.000000000e+04 -4.050071513e+03
4.000000000e+04 -4.000071738e+03
4.000000000e+04 -3.950071962e+03
4.000000000e+04 -3.900072186e+03
4.000000000e+04 -3.850072410e+03
4.000000000e+04 -3.800072634e+03
4.000000000e+04 -3.750072859e+03
4.000000000e+04 -3.700073083e+03
4.000000000e+04 -3.650073307e+03
4.000000000e+04 -3.600073531e+03
4.000000000e+04 -3.550073755e+03
4.000000000e+04 -3.500073979e+03
4.000000000e+04 -3.450074204e+03
4.000000000e+04 -3.400074428e+03
4.000000000e+04 -3.350074652e+03
4.000000000e+04 -3.300074876e+03
4.000000000e+04 -3.250075100e+03
4.000000000e+04 -3.200075325e+03
4.000000000e+04 -3.150075549e+03
4.000000000e+04 -3.100075773e+03
4.000000000e+04 -3.050075997e+03
4.000000000e+04 -3.000076221e+03
4.000000000e+04 -2.950076445e+03
4.000000000e+04 -2.900076670e+03
4.000000000e+04 -2.850076894e+03
4.000000000e+04 -2.800077118e+03
4.000000000e+04 -2.750077342e+03
4.000000000e+04 -2.700077566e+03
4.000000000e+04 -2.650077790e+03
4.000000000e+04 -2.600078015e+03
4.000000000e+04 -2.550078239e+03
4.000000000e+04 -2.500078463e+03
4.000000000e+04 -2.450078687e+03
4.000000000e+04 -2.400078911e+03
4.000000000e+04 -2.350079136e+03
4.000000000e+04 -2.300079360e+03
4.000000000e+04 -2.250079584e+03
4.000000000e+04 -2.200079808e+03
4.000000000e+04 -2.150080032e+03
4.000000000e+04 -2.100080256e+03
4.000000000e+04 -2.050080481e+03
4.000000000e+04 -2.000080705e+03
4.000000000e+04 -1.950080929e+03
4.000000000e+04 -1.900081153e+03
4.000000000e+04 -1.850081377e+03
4.000000000e+04 -1.800081602e+03
4.000000000e+04 -1.750081826e+03
4.000000000e+04 -1.700082050e+03
4.000000000e+04 -1.650082274e+03
4.000000000e+04 -1.600082498e+03
4.000000000e+04 -1.550082722e+03
4.000000000e+04 -1.500082947e+03
4.000000000e+04 -1.450083171e+03
4.000000000e+04 -1.400083395e+03
4.000000000e+04 -1.350083619e+03
4.000000000e+04 -1.300083843e+03
4.000000000e+04 -1.250084068e+03
4.000000000e+04 -1.200084292e+03
4.000000000e+04 -1.150084516e+03
4.000000000e+04 -1.100084740e+03
4.000000000e+04 -1.050084964e+03
4.000000000e+04 -1.000085188e+03
4.000000000e+04 -9.500854126e+02
4.000000000e+04 -9.000856368e+02
4.000000000e+04 -8.500858610e+02
4.000000000e+04 -8.000860851e+02
4.000000000e+04 -7.500863093e+02
4.000000000e+04 -7.000865335e+02
4.000000000e+04 -6.500867577e+02
4.000000000e+04 -6.000869819e+02
4.000000000e+04 -5.500872061e+02
4.000000000e+04 -5.000874302e+02
4.000000000e+04 -4.500876544e+02
4.000000000e+04 -4.000878786e+02
4.000000000e+04 -3.500881028e+02
4.000000000e+04 -3.000883270e+02
4.000000000e+04 -2.500885511e+02
4.000000000e+04 -2.000887753e+02
4.000000000e+04 -1.500889995e+02
4.000000000e+04 -1.000892237e+02
4.000000000e+04 -5.008944785e+01
4.000000000e+04 -8.967203115e-02
# bz1 coords
0.000000000e+00 -2.000000000e+04
5.000000000e+01 -2.000000000e+04
1.000000000e+02 -2.000000000e+04
1.500000000e+02 -2.000000000e+04
2.000000000e+02 -2.000000000e+04
2.500000000e+02 -2.000000000e+04
3.000000000e+02 -2.000000000e+04
3.500000000e+02 -2.000000000e+04
4.000000000e+02 -2.000000000e+04
4.500000000e+02 -2.000000000e+04
5.000000000e+02 -2.000000000e+04
5.500000000e+02 -2.000000000e+04
6.000000000e+02 -2.000000000e+04
6.500000000e+02 -2.000000000e+04
7.000000000e+02 -2.000000000e+04
7.500000000e+02 -2.000000000e+04
8.000000000e+02 -2.000000000e+04
8.500000000e+02 -2.000000000e+04
9.000000000e+02 -2.000000000e+04
9.500000000e+02 -2.000000000e+04
1.000000000e+03 -2.000000000e+04
1.050000000e+03 -2.000000000e+04
1.100000000e+03 -2.000000000e+04
1.150000000e+03 -2.000000000e+04
1.200000000e+03 -2.000000000e+04
1.250000000e+03 -2.000000000e+04
1.300000000e+03 -2.000000000e+04
1.350000000e+03 -2.000000000e+04
1.400000000e+03 -2.000000000e+04
1.450000000e+03 -2.000000000e+04
1.500000000e+03 -2.000000000e+04
1.550000000e+03 -2.000000000e+04
1.600000000e+03 -2.000000000e+04
1.650000000e+03 -2.000000000e+04
1.700000000e+03 -2.000000000e+04
1.750000000e+03 -2.000000000e+04
1.800000000e+03 -2.000000000e+04
1.850000000e+03 -2.000000000e+04
1.900000000e+03 -2.000000000e+04
1.950000000e+03 -2.000000000e+04
2.000000000e+03 -2.000000000e+04
2.050000000e+03 -2.000000000e+04
2.100000000e+03 -2.000000000e+04
2.150000000e+03 -2.000000000e+04
2.200000000e+03 -2.000000000e+04
2.250000000e+03 -2.000000000e+04
2.300000000e+03 -2.000000000e+04
2.350000000e+03 -2.000000000e+04
2.400000000e+03 -2.000000000e+04
2.450000000e+03 -2.000000000e+04
2.500000000e+03 -2.000000000e+04
2.550000000e+03 -2.000000000e+04
2.600000000e+03 -2.000000000e+04
2.650000000e+03 -2.000000000e+04
2.700000000e+03 -2.000000000e+04
2.750000000e+03 -2.000000000e+04
2.800000000e+03 -2.000000000e+04
2.850000000e+03 -2.000000000e+04
2.900000000e+03 -2.000000000e+04
2.950000000e+03 -2.000000000e+04
3.000000000e+03 -2.000000000e+04
3.050000000e+03 -2.000000000e+04
3.100000000e+03 -2.000000000e+04
3.150000000e+03 -2.000000000e+04
3.200000000e+03 -2.000000000e+04
3.250000000e+03 -2.000000000e+04
3.300000000e+03 -2.000000000e+04
3.350000000e+03 -2.000000000e+04
3.400000000e+03 -2.000000000e+04
3.450000000e+03 -2.000000000e+04
3.500000000e+03 -2.000000000e+04
3.550000000e+03 -2.000000000e+04
3.600000000e+03 -2.000000000e+04
3.650000000e+03 -2.000000000e+04
3.700000000e+03 -2.000000000e+04
3.750000000e+03 -2.000000000e+04
3.800000000e+03 -2.000000000e+04
3.850000000e+03 -2.000000000e+04
3.900000000e+03 -2.000000000e+04
3.950000000e+03 -2.000000000e+04
4.000000000e+03 -2.000000000e+04
4.050000000e+03 -2.000000000e+04
4.100000000e+03 -2.000000000e+04
4.150000000e+03 -2.000000000e+04
4.200000000e+03 -2.000000000e+04
4.250000000e+03 -2.000000000e+04
4.300000000e+03 -2.000000000e+04
4.350000000e+03 -2.000000000e+04
4.400000000e+03 -2.000000000e+04
4.450000000e+03 -2.000000000e+04
4.500000000e+03 -2.000000000e+04
4.550000000e+03 -2.000000000e+04
4.600000000e+03 -2.000000000e+04
4.650000000e+03 -2.000000000e+04
4.700000000e+03 -2.000000000e+04
4.750000000e+03 -2.000000000e+04
4.800000000e+03 -2.000000000e+04
4.850000000e+03 -2.000000000e+04
4.900000000e+03 -2.000000000e+04
4.950000000e+03 -2.000000000e+04
5.000000000e+03 -2.000000000e+04
5.050000000e+03 -2.000000000e+04
5.100000000e+03 -2.000000000e+04
5.150000000e+03 -2.000000000e+04
5.200000000e+03 -2.000000000e+04
5.250000000e+03 -2.000000000e+04
5.300000000e+03 -2.000000000e+04
5.350000000e+03 -2.000000000e+04
5.400000000e+03 -2.000000000e+04
5.450000000e+03 -2.000000000e+04
5.500000000e+03 -2.000000000e+04
5.550000000e+03 -2.000000000e+04
5.600000000e+03 -2.000000000e+04
5.650000000e+03 -2.000000000e+04
5.700000000e+03 -2.000000000e+04
5.750000000e+03 -2.000000000e+04
5.800000000e+03 -2.000000000e+04
5.850000000e+03 -2.000000000e+04
5.900000000e+03 -2.000000000e+04
5.950000000e+03 -2.000000000e+04
6.000000000e+03 -2.000000000e+04
6.050000000e+03 -2.000000000e+04
6.100000000e+03 -2.000000000e+04
6.150000000e+03 -2.000000000e+04
6.200000000e+03 -2.000000000e+04
6.250000000e+03 -2.000000000e+04
6.300000000e+03 -2.000000000e+04
6.350000000e+03 -2.000000000e+04
6.400000000e+03 -2.000000000e+04
6.450000000e+03 -2.000000000e+04
6.500000000e+03 -2.000000000e+04
6.550000000e+03 -2.000000000e+04
6.600000000e+03 -2.000000000e+04
6.650000000e+03 -2.000000000e+04
6.700000000e+03 -2.000000000e+04
6.750000000e+03 -2.000000000e+04
6.800000000e+03 -2.000000000e+04
6.850000000e+03 -2.000000000e+04
6.900000000e+03 -2.000000000e+04
6.950000000e+03 -2.000000000e+04
7.000000000e+03 -2.000000000e+04
7.050000000e+03 -2.000000000e+04
7.100000000e+03 -2.000000000e+04
7.150000000e+03 -2.000000000e+04
7.200000000e+03 -2.000000000e+04
7.250000000e+03 -2.000000000e+04
7.300000000e+03 -2.000000000e+04
7.350000000e+03 -2.000000000e+04
7.400000000e+03 -2.000000000e+04
7.450000000e+03 -2.000000000e+04
7.500000000e+03 -2.000000000e+04
7.550000000e+03 -2.000000000e+04
7.600000000e+03 -2.000000000e+04
7.650000000e+03 -2.000000000e+04
7.700000000e+03 -2.000000000e+04
7.750000000e+03 -2.000000000e+04
7.800000000e+03 -2.000000000e+04
7.850000000e+03 -2.000000000e+04
7.900000000e+03 -2.000000000e+04
7.950000000e+03 -2.000000000e+04
8.000000000e+03 -2.000000000e+04
8.050000000e+03 -2.000000000e+04
8.100000000e+03 -2.000000000e+04
8.150000000e+03 -2.000000000e+04
8.200000000e+03 -2.000000000e+04
8.250000000e+03 -2.000000000e+04
8.300000000e+03 -2.000000000e+04
8.350000000e+03 -2.000000000e+04
8.400000000e+03 -2.000000000e+04
8.450000000e+03 -2.000000000e+04
8.500000000e+03 -2.000000000e+04
8.550000000e+03 -2.000000000e+04
8.600000000e+03 -2.000000000e+04
8.650000000e+03 -2.000000000e+04
8.700000000e+03 -2.000000000e+04
8.750000000e+03 -2.000000000e+04
8.800000000e+03 -2.000000000e+04
8.850000000e+03 -2.000000000e+04
8.900000000e+03 -2.000000000e+04
8.950000000e+03 -2.000000000e+04
9.000000000e+03 -2.000000000e+04
9.050000000e+03 -2.000000000e+04
9.100000000e+03 -2.000000000e+04
9.150000000e+03 -2.000000000e+04
9.200000000e+03 -2.000000000e+04
9.250000000e+03 -2.000000000e+04
9.300000000e+03 -2.000000000e+04
9.350000000e+03 -2.000000000e+04
9.400000000e+03 -2.000000000e+04
9.450000000e+03 -2.000000000e+04
9.500000000e+03 -2.000000000e+04
9.550000000e+03 -2.000000000e+04
9.600000000e+03 -2.000000000e+04
9.650000000e+03 -2.000000000e+04
9.700000000e+03 -2.000000000e+04
9.750000000e+03 -2.000000000e+04
9.800000000e+03 -2.000000000e+04
9.850000000e+03 -2.000000000e+04
9.900000000e+03 -2.000000000e+04
9.950000000e+03 -2.000000000e+04
1.000000000e+04 -2.000000000e+04
1.005000000e+04 -2.000000000e+04
1.010000000e+04 -2.000000000e+04
1.015000000e+04 -2.000000000e+04
1.020000000e+04 -2.000000000e+04
1.025000000e+04 -2.000000000e+04
1.030000000e+04 -2.000000000e+04
1.035000000e+04 -2.000000000e+04
1.040000000e+04 -2.000000000e+04
1.045000000e+04 -2.000000000e+04
1.050000000e+04 -2.000000000e+04
1.055000000e+04 -2.000000000e+04
1.060000000e+04 -2.000000000e+04
1.065000000e+04 -2.000000000e+04
1.070000000e+04 -2.000000000e+04
1.075000000e+04 -2.000000000e+04
1.080000000e+04 -2.000000000e+04
1.085000000e+04 -2.000000000e+04
1.090000000e+04 -2.000000000e+04
1.095000000e+04 -2.000000000e+04
1.100000000e+04 -2.000000000e+04
1.105000000e+04 -2.000000000e+04
1.110000000e+04 -2.000000000e+04
1.115000000e+04 -2.000000000e+04
1.120000000e+04 -2.000000000e+04
1.125000000e+04 -2.000000000e+04
1.130000000e+04 -2.000000000e+04
1.135000000e+04 -2.000000000e+04
1.140000000e+04 -2.000000000e+04
1.145000000e+04 -2.000000000e+04
1.150000000e+04 -2.000000000e+04
1.155000000e+04 -2.000000000e+04
1.160000000e+04 -2.000000000e+04
1.165000000e+04 -2.000000000e+04
1.170000000e+04 -2.000000000e+04
1.175000000e+04 -2.000000000e+04
1.180000000e+04 -2.000000000e+04
1.185000000e+04 -2.000000000e+04
1.190000000e+04 -2.000000000e+04
1.195000000e+04 -2.000000000e+04
1.200000000e+04 -2.000000000e+04
1.205000000e+04 -2.000000000e+04
1.210000000e+04 -2.000000000e+04
1.215000000e+04 -2.000000000e+04
1.220000000e+04 -2.000000000e+04
1.225000000e+04 -2.000000000e+04
1.230000000e+04 -2.000000000e+04
1.235000000e+04 -2.000000000e+04
1.240000000e+04 -2.000000000e+04
1.245000000e+04 -2.000000000e+04
1.250000000e+04 -2.000000000e+04
1.255000000e+04 -2.000000000e+04
1.260000000e+04 -2.000000000e+04
1.265000000e+04 -2.000000000e+04
1.270000000e+04 -2.000000000e+04
1.275000000e+04 -2.000000000e+04
1.280000000e+04 -2.000000000e+04
1.285000000e+04 -2.000000000e+04
1.290000000e+04 -2.000000000e+04
1.295000000e+04 -2.000000000e+04
1.300000000e+04 -2.000000000e+04
1.305000000e+04 -2.000000000e+04
1.310000000e+04 -2.000000000e+04
1.315000000e+04 -2.000000000e+04
1.320000000e+04 -2.000000000e+04
1.325000000e+04 -2.000000000e+04
1.330000000e+04 -2.000000000e+04
1.335000000e+04 -2.000000000e+04
1.340000000e+04 -2.000000000e+04
1.345000000e+04 -2.000000000e+04
1.350000000e+04 -2.000000000e+04
1.355000000e+04 -2.000000000e+04
1.360000000e+04 -2.000000000e+04
1.365000000e+04 -2.000000000e+04
1.370000000e+04 -2.000000000e+04
1.375000000e+04 -2.000000000e+04
1.380000000e+04 -2.000000000e+04
1.385000000e+04 -2.000000000e+04
1.390000000e+04 -2.000000000e+04
1.395000000e+04 -2.000000000e+04
1.400000000e+04 -2.000000000e+04
1.405000000e+04 -2.000000000e+04
1.410000000e+04 -2.000000000e+04
1.415000000e+04 -2.000000000e+04
1.420000000e+04 -2.000000000e+04
1.425000000e+04 -2.000000000e+04
1.430000000e+04 -2.000000000e+04
1.435000000e+04 -2.000000000e+04
1.440000000e+04 -2.000000000e+04
1.445000000e+04 -2.000000000e+04
1.450000000e+04 -2.000000000e+04
1.455000000e+04 -2.000000000e+04
1.460000000e+04 -2.000000000e+04
1.465000000e+04 -2.000000000e+04
1.470000000e+04 -2.000000000e+04
1.475000000e+04 -2.000000000e+04
1.480000000e+04 -2.000000000e+04
1.485000000e+04 -2.000000000e+04
1.490000000e+04 -2.000000000e+04
1.495000000e+04 -2.000000000e+04
1.500000000e+04 -2.000000000e+04
1.505000000e+04 -2.000000000e+04
1.510000000e+04 -2.000000000e+04
1.515000000e+04 -2.000000000e+04
1.520000000e+04 -2.000000000e+04
1.525000000e+04 -2.000000000e+04
1.530000000e+04 -2.000000000e+04
1.535000000e+04 -2.000000000e+04
1.540000000e+04 -2.000000000e+04
1.545000000e+04 -2.000000000e+04
1.550000000e+04 -2.000000000e+04
1.555000000e+04 -2.000000000e+04
1.560000000e+04 -2.000000000e+04
1.565000000e+04 -2.000000000e+04
1.570000000e+04 -2.000000000e+04
1.575000000e+04 -2.000000000e+04
1.580000000e+04 -2.000000000e+04
1.585000000e+04 -2.000000000e+04
1.590000000e+04 -2.000000000e+04
1.595000000e+04 -2.000000000e+04
1.600000000e+04 -2.000000000e+04
1.605000000e+04 -2.000000000e+04
1.610000000e+04 -2.000000000e+04
1.615000000e+04 -2.000000000e+04
1.620000000e+04 -2.000000000e+04
1.625000000e+04 -2.000000000e+04
1.630000000e+04 -2.000000000e+04
1.635000000e+04 -2.000000000e+04
1.640000000e+04 -2.000000000e+04
1.645000000e+04 -2.000000000e+04
1.650000000e+04 -2.000000000e+04
1.655000000e+04 -2.000000000e+04
1.660000000e+04 -2.000000000e+04
1.665000000e+04 -2.000000000e+04
1.670000000e+04 -2.000000000e+04
1.675000000e+04 -2.000000000e+04
1.680000000e+04 -2.000000000e+04
1.685000000e+04 -2.000000000e+04
1.690000000e+04 -2.000000000e+04
1.695000000e+04 -2.000000000e+04
1.700000000e+04 -2.000000000e+04
1.705000000e+04 -2.000000000e+04
1.710000000e+04 -2.000000000e+04
1.715000000e+04 -2.000000000e+04
1.720000000e+04 -2.000000000e+04
1.725000000e+04 -2.000000000e+04
1.730000000e+04 -2.000000000e+04
1.735000000e+04 -2.000000000e+04
1.740000000e+04 -2.000000000e+04
1.745000000e+04 -2.000000000e+04
1.750000000e+04 -2.000000000e+04
1.755000000e+04 -2.000000000e+04
1.760000000e+04 -2.000000000e+04
1.765000000e+04 -2.000000000e+04
1.770000000e+04 -2.000000000e+04
1.775000000e+04 -2.000000000e+04
1.780000000e+04 -2.000000000e+04
1.785000000e+04 -2.000000000e+04
1.790000000e+04 -2.000000000e+04
1.795000000e+04 -2.000000000e+04
1.800000000e+04 -2.000000000e+04
1.805000000e+04 -2.000000000e+04
1.810000000e+04 -2.000000000e+04
1.815000000e+04 -2.000000000e+04
1.820000000e+04 -2.000000000e+04
1.825000000e+04 -2.000000000e+04
1.830000000e+04 -2.000000000e+04
1.835000000e+04 -2.000000000e+04
1.840000000e+04 -2.000000000e+04
1.845000000e+04 -2.000000000e+04
1.850000000e+04 -2.000000000e+04
1.855000000e+04 -2.000000000e+04
1.860000000e+04 -2.000000000e+04
1.865000000e+04 -2.000000000e+04
1.870000000e+04 -2.000000000e+04
1.875000000e+04 -2.000000000e+04
1.880000000e+04 -2.000000000e+04
1.885000000e+04 -2.000000000e+04
1.890000000e+04 -2.000000000e+04
1.895000000e+04 -2.000000000e+04
1.900000000e+04 -2.000000000e+04
1.905000000e+04 -2.000000000e+04
1.910000000e+04 -2.000000000e+04
1.915000000e+04 -2.000000000e+04
1.920000000e+04 -2.000000000e+04
1.925000000e+04 -2.000000000e+04
1.930000000e+04 -2.000000000e+04
1.935000000e+04 -2.000000000e+04
1.940000000e+04 -2.000000000e+04
1.945000000e+04 -2.000000000e+04
1.950000000e+04 -2.000000000e+04
1.955000000e+04 -2.000000000e+04
1.960000000e+04 -2.000000000e+04
1.965000000e+04 -2.000000000e+04
1.970000000e+04 -2.000000000e+04
1.975000000e+04 -2.000000000e+04
1.980000000e+04 -2.000000000e+04
1.985000000e+04 -2.000000000e+04
1.990000000e+04 -2.000000000e+04
1.995000000e+04 -2.000000000e+04
2.000000000e+04 -2.000000000e+04
2.005000000e+04 -2.000000000e+04
2.010000000e+04 -2.000000000e+04
2.015000000e+04 -2.000000000e+04
2.020000000e+04 -2.000000000e+04
2.025000000e+04 -2.000000000e+04
2.030000000e+04 -2.000000000e+04
2.035000000e+04 -2.000000000e+04
2.040000000e+04 -2.000000000e+04
2.045000000e+04 -2.000000000e+04
2.050000000e+04 -2.000000000e+04
2.055000000e+04 -2.000000000e+04
2.060000000e+04 -2.000000000e+04
2.065000000e+04 -2.000000000e+04
2.070000000e+04 -2.000000000e+04
2.075000000e+04 -2.000000000e+04
2.080000000e+04 -2.000000000e+04
2.085000000e+04 -2.000000000e+04
2.090000000e+04 -2.000000000e+04
2.095000000e+04 -2.000000000e+04
2.100000000e+04 -2.000000000e+04
2.105000000e+04 -2.000000000e+04
2.110000000e+04 -2.000000000e+04
2.115000000e+04 -2.000000000e+04
2.120000000e+04 -2.000000000e+04
2.125000000e+04 -2.000000000e+04
2.130000000e+04 -2.000000000e+04
2.135000000e+04 -2.000000000e+04
2.140000000e+04 -2.000000000e+04
2.145000000e+04 -2.000000000e+04
2.150000000e+04 -2.000000000e+04
2.155000000e+04 -2.000000000e+04
2.160000000e+04 -2.000000000e+04
2.165000000e+04 -2.000000000e+04
2.170000000e+04 -2.000000000e+04
2.175000000e+04 -2.000000000e+04
2.180000000e+04 -2.000000000e+04
2.185000000e+04 -2.000000000e+04
2.190000000e+04 -2.000000000e+04
2.195000000e+04 -2.000000000e+04
2.200000000e+04 -2.000000000e+04
2.205000000e+04 -2.000000000e+04
2.210000000e+04 -2.000000000e+04
2.215000000e+04 -2.000000000e+04
2.220000000e+04 -2.000000000e+04
2.225000000e+04 -2.000000000e+04
2.230000000e+04 -2.000000000e+04
2.235000000e+04 -2.000000000e+04
2.240000000e+04 -2.000000000e+04
2.245000000e+04 -2.000000000e+04
2.250000000e+04 -2.000000000e+04
2.255000000e+04 -2.000000000e+04
2.260000000e+04 -2.000000000e+04
2.265000000e+04 -2.000000000e+04
2.270000000e+04 -2.000000000e+04
2.275000000e+04 -2.000000000e+04
2.280000000e+04 -2.000000000e+04
2.285000000e+04 -2.000000000e+04
2.290000000e+04 -2.000000000e+04
2.295000000e+04 -2.000000000e+04
2.300000000e+04 -2.000000000e+04
2.305000000e+04 -2.000000000e+04
2.310000000e+04 -2.000000000e+04
2.315000000e+04 -2.000000000e+04
2.320000000e+04 -2.000000000e+04
2.325000000e+04 -2.000000000e+04
2.330000000e+04 -2.000000000e+04
2.335000000e+04 -2.000000000e+04
2.340000000e+04 -2.000000000e+04
2.345000000e+04 -2.000000000e+04
2.350000000e+04 -2.000000000e+04
2.355000000e+04 -2.000000000e+04
2.360000000e+04 -2.000000000e+04
2.365000000e+04 -2.000000000e+04
2.370000000e+04 -2.000000000e+04
2.375000000e+04 -2.000000000e+04
2.380000000e+04 -2.000000000e+04
2.385000000e+04 -2.000000000e+04
2.390000000e+04 -2.000000000e+04
2.395000000e+04 -2.000000000e+04
2.400000000e+04 -2.000000000e+04
2.405000000e+04 -2.000000000e+04
2.410000000e+04 -2.000000000e+04
2.415000000e+04 -2.000000000e+04
2.420000000e+04 -2.000000000e+04
2.425000000e+04 -2.000000000e+04
2.430000000e+04 -2.000000000e+04
2.435000000e+04 -2.000000000e+04
2.440000000e+04 -2.000000000e+04
2.445000000e+04 -2.000000000e+04
2.450000000e+04 -2.000000000e+04
2.455000000e+04 -2.000000000e+04
2.460000000e+04 -2.000000000e+04
2.465000000e+04 -2.000000000e+04
2.470000000e+04 -2.000000000e+04
2.475000000e+04 -2.000000000e+04
2.480000000e+04 -2.000000000e+04
2.485000000e+04 -2.000000000e+04
2.490000000e+04 -2.000000000e+04
2.495000000e+04 -2.000000000e+04
2.500000000e+04 -2.000000000e+04
2.505000000e+04 -2.000000000e+04
2.510000000e+04 -2.000000000e+04
2.515000000e+04 -2.000000000e+04
2.520000000e+04 -2.000000000e+04
2.525000000e+04 -2.000000000e+04
2.530000000e+04 -2.000000000e+04
2.535000000e+04 -2.000000000e+04
2.540000000e+04 -2.000000000e+04
2.545000000e+04 -2.000000000e+04
2.550000000e+04 -2.000000000e+04
2.555000000e+04 -2.000000000e+04
2.560000000e+04 -2.000000000e+04
2.565000000e+04 -2.000000000e+04
2.570000000e+04 -2.000000000e+04
2.575000000e+04 -2.000000000e+04
2.580000000e+04 -2.000000000e+04
2.585000000e+04 -2.000000000e+04
2.590000000e+04 -2.000000000e+04
2.595000000e+04 -2.000000000e+04
2.600000000e+04 -2.000000000e+04
2.605000000e+04 -2.000000000e+04
2.610000000e+04 -2.000000000e+04
2.615000000e+04 -2.000000000e+04
2.620000000e+04 -2.000000000e+04
2.625000000e+04 -2.000000000e+04
2.630000000e+04 -2.000000000e+04
2.635000000e+04 -2.000000000e+04
2.640000000e+04 -2.000000000e+04
2.645000000e+04 -2.000000000e+04
2.650000000e+04 -2.000000000e+04
2.655000000e+04 -2.000000000e+04
2.660000000e+04 -2.000000000e+04
2.665000000e+04 -2.000000000e+04
2.670000000e+04 -2.000000000e+04
2.675000000e+04 -2.000000000e+04
2.680000000e+04 -2.000000000e+04
2.685000000e+04 -2.000000000e+04
2.690000000e+04 -2.000000000e+04
2.695000000e+04 -2.000000000e+04
2.700000000e+04 -2.000000000e+04
2.705000000e+04 -2.000000000e+04
2.710000000e+04 -2.000000000e+04
2.715000000e+04 -2.000000000e+04
2.720000000e+04 -2.000000000e+04
2.725000000e+04 -2.000000000e+04
2.730000000e+04 -2.000000000e+04
2.735000000e+04 -2.000000000e+04
2.740000000e+04 -2.000000000e+04
2.745000000e+04 -2.000000000e+04
2.750000000e+04 -2.000000000e+04
2.755000000e+04 -2.000000000e+04
2.760000000e+04 -2.000000000e+04
2.765000000e+04 -2.000000000e+04
2.770000000e+04 -2.000000000e+04
2.775000000e+04 -2.000000000e+04
2.780000000e+04 -2.000000000e+04
2.785000000e+04 -2.000000000e+04
2.790000000e+04 -2.000000000e+04
2.795000000e+04 -2.000000000e+04
2.800000000e+04 -2.000000000e+04
2.805000000e+04 -2.000000000e+04
2.810000000e+04 -2.000000000e+04
2.815000000e+04 -2.000000000e+04
2.820000000e+04 -2.000000000e+04
2.825000000e+04 -2.000000000e+04
2.830000000e+04 -2.000000000e+04
2.835000000e+04 -2.000000000e+04
2.840000000e+04 -2.000000000e+04
2.845000000e+04 -2.000000000e+04
2.850000000e+04 -2.000000000e+04
2.855000000e+04 -2.000000000e+04
2.860000000e+04 -2.000000000e+04
2.865000000e+04 -2.000000000e+04
2.870000000e+04 -2.000000000e+04
2.875000000e+04 -2.000000000e+04
2.880000000e+04 -2.000000000e+04
2.885000000e+04 -2.000000000e+04
2.890000000e+04 -2.000000000e+04
2.895000000e+04 -2.000000000e+04
2.900000000e+04 -2.000000000e+04
2.905000000e+04 -2.000000000e+04
2.910000000e+04 -2.000000000e+04
2.915000000e+04 -2.000000000e+04
2.920000000e+04 -2.000000000e+04
2.925000000e+04 -2.000000000e+04
2.930000000e+04 -2.000000000e+04
2.935000000e+04 -2.000000000e+04
2.940000000e+04 -2.000000000e+04
2.945000000e+04 -2.000000000e+04
2.950000000e+04 -2.000000000e+04
2.955000000e+04 -2.000000000e+04
2.960000000e+04 -2.000000000e+04
2.965000000e+04 -2.000000000e+04
2.970000000e+04 -2.000000000e+04
2.975000000e+04 -2.000000000e+04
2.980000000e+04 -2.000000000e+04
2.985000000e+04 -2.000000000e+04
2.990000000e+04 -2.000000000e+04
2.995000000e+04 -2.000000000e+04
3.000000000e+04 -2.000000000e+04
3.005000000e+04 -2.000000000e+04
3.010000000e+04 -2.000000000e+04
3.015000000e+04 -2.000000000e+04
3.020000000e+04 -2.000000000e+04
3.025000000e+04 -2.000000000e+04
3.030000000e+04 -2.000000000e+04
3.035000000e+04 -2.000000000e+04
3.040000000e+04 -2.000000000e+04
3.045000000e+04 -2.000000000e+04
3.050000000e+04 -2.000000000e+04
3.055000000e+04 -2.000000000e+04
3.060000000e+04 -2.000000000e+04
3.065000000e+04 -2.000000000e+04
3.070000000e+04 -2.000000000e+04
3.075000000e+04 -2.000000000e+04
3.080000000e+04 -2.000000000e+04
3.085000000e+04 -2.000000000e+04
3.090000000e+04 -2.000000000e+04
3.095000000e+04 -2.000000000e+04
3.100000000e+04 -2.000000000e+04
3.105000000e+04 -2.000000000e+04
3.110000000e+04 -2.000000000e+04
3.115000000e+04 -2.000000000e+04
3.120000000e+04 -2.000000000e+04
3.125000000e+04 -2.000000000e+04
3.130000000e+04 -2.000000000e+04
3.135000000e+04 -2.000000000e+04
3.140000000e+04 -2.000000000e+04
3.145000000e+04 -2.000000000e+04
3.150000000e+04 -2.000000000e+04
3.155000000e+04 -2.000000000e+04
3.160000000e+04 -2.000000000e+04
3.165000000e+04 -2.000000000e+04
3.170000000e+04 -2.000000000e+04
3.175000000e+04 -2.000000000e+04
3.180000000e+04 -2.000000000e+04
3.185000000e+04 -2.000000000e+04
3.190000000e+04 -2.000000000e+04
3.195000000e+04 -2.000000000e+04
3.200000000e+04 -2.000000000e+04
3.205000000e+04 -2.000000000e+04
3.210000000e+04 -2.000000000e+04
3.215000000e+04 -2.000000000e+04
3.220000000e+04 -2.000000000e+04
3.225000000e+04 -2.000000000e+04
3.230000000e+04 -2.000000000e+04
3.235000000e+04 -2.000000000e+04
3.240000000e+04 -2.000000000e+04
3.245000000e+04 -2.000000000e+04
3.250000000e+04 -2.000000000e+04
3.255000000e+04 -2.000000000e+04
3.260000000e+04 -2.000000000e+04
3.265000000e+04 -2.000000000e+04
3.270000000e+04 -2.000000000e+04
3.275000000e+04 -2.000000000e+04
3.280000000e+04 -2.000000000e+04
3.285000000e+04 -2.000000000e+04
3.290000000e+04 -2.000000000e+04
3.295000000e+04 -2.000000000e+04
3.300000000e+04 -2.000000000e+04
3.305000000e+04 -2.000000000e+04
3.310000000e+04 -2.000000000e+04
3.315000000e+04 -2.000000000e+04
3.320000000e+04 -2.000000000e+04
3.325000000e+04 -2.000000000e+04
3.330000000e+04 -2.000000000e+04
3.335000000e+04 -2.000000000e+04
3.340000000e+04 -2.000000000e+04
3.345000000e+04 -2.000000000e+04
3.350000000e+04 -2.000000000e+04
3.355000000e+04 -2.000000000e+04
3.360000000e+04 -2.000000000e+04
3.365000000e+04 -2.000000000e+04
3.370000000e+04 -2.000000000e+04
3.375000000e+04 -2.000000000e+04
3.380000000e+04 -2.000000000e+04
3.385000000e+04 -2.000000000e+04
3.390000000e+04 -2.000000000e+04
3.395000000e+04 -2.000000000e+04
3.400000000e+04 -2.000000000e+04
3.405000000e+04 -2.000000000e+04
3.410000000e+04 -2.000000000e+04
3.415000000e+04 -2.000000000e+04
3.420000000e+04 -2.000000000e+04
3.425000000e+04 -2.000000000e+04
3.430000000e+04 -2.000000000e+04
3.435000000e+04 -2.000000000e+04
3.440000000e+04 -2.000000000e+04
3.445000000e+04 -2.000000000e+04
3.450000000e+04 -2.000000000e+04
3.455000000e+04 -2.000000000e+04
3.460000000e+04 -2.000000000e+04
3.465000000e+04 -2.000000000e+04
3.470000000e+04 -2.000000000e+04
3.475000000e+04 -2.000000000e+04
3.480000000e+04 -2.000000000e+04
3.485000000e+04 -2.000000000e+04
3.490000000e+04 -2.000000000e+04
3.495000000e+04 -2.000000000e+04
3.500000000e+04 -2.000000000e+04
3.505000000e+04 -2.000000000e+04
3.510000000e+04 -2.000000000e+04
3.515000000e+04 -2.000000000e+04
3.520000000e+04 -2.000000000e+04
3.525000000e+04 -2.000000000e+04
3.530000000e+04 -2.000000000e+04
3.535000000e+04 -2.000000000e+04
3.540000000e+04 -2.000000000e+04
3.545000000e+04 -2.000000000e+04
3.550000000e+04 -2.000000000e+04
3.555000000e+04 -2.000000000e+04
3.560000000e+04 -2.000000000e+04
3.565000000e+04 -2.000000000e+04
3.570000000e+04 -2.000000000e+04
3.575000000e+04 -2.000000000e+04
3.580000000e+04 -2.000000000e+04
3.585000000e+04 -2.000000000e+04
3.590000000e+04 -2.000000000e+04
3.595000000e+04 -2.000000000e+04
3.600000000e+04 -2.000000000e+04
3.605000000e+04 -2.000000000e+04
3.610000000e+04 -2.000000000e+04
3.615000000e+04 -2.000000000e+04
3.620000000e+04 -2.000000000e+04
3.625000000e+04 -2.000000000e+04
3.630000000e+04 -2.000000000e+04
3.635000000e+04 -2.000000000e+04
3.640000000e+04 -2.000000000e+04
3.645000000e+04 -2.000000000e+04
3.650000000e+04 -2.000000000e+04
3.655000000e+04 -2.000000000e+04
3.660000000e+04 -2.000000000e+04
3.665000000e+04 -2.000000000e+04
3.670000000e+04 -2.000000000e+04
3.675000000e+04 -2.000000000e+04
3.680000000e+04 -2.000000000e+04
3.685000000e+04 -2.000000000e+04
3.690000000e+04 -2.000000000e+04
3.695000000e+04 -2.000000000e+04
3.700000000e+04 -2.000000000e+04
3.705000000e+04 -2.000000000e+04
3.710000000e+04 -2.000000000e+04
3.715000000e+04 -2.000000000e+04
3.720000000e+04 -2.000000000e+04
3.725000000e+04 -2.000000000e+04
3.730000000e+04 -2.000000000e+04
3.735000000e+04 -2.000000000e+04
3.740000000e+04 -2.000000000e+04
3.745000000e+04 -2.000000000e+04
3.750000000e+04 -2.000000000e+04
3.755000000e+04 -2.000000000e+04
3.760000000e+04 -2.000000000e+04
3.765000000e+04 -2.000000000e+04
3.770000000e+04 -2.000000000e+04
3.775000000e+04 -2.000000000e+04
3.780000000e+04 -2.000000000e+04
3.785000000e+04 -2.000000000e+04
3.790000000e+04 -2.000000000e+04
3.795000000e+04 -2.000000000e+04
3.800000000e+04 -2.000000000e+04
3.805000000e+04 -2.000000000e+04
3.810000000e+04 -2.000000000e+04
3.815000000e+04 -2.000000000e+04
3.820000000e+04 -2.000000000e+04
3.825000000e+04 -2.000000000e+04
3.830000000e+04 -2.000000000e+04
3.835000000e+04 -2.000000000e+04
3.840000000e+04 -2.000000000e+04
3.845000000e+04 -2.000000000e+04
3.850000000e+04 -2.000000000e+04
3.855000000e+04 -2.000000000e+04
3.860000000e+04 -2.000000000e+04
3.865000000e+04 -2.000000000e+04
3.870000000e+04 -2.000000000e+04
3.875000000e+04 -2.000000000e+04
3.880000000e+04 -2.000000000e+04
3.885000000e+04 -2.000000000e+04
3.890000000e+04 -2.000000000e+04
3.895000000e+04 -2.000000000e+04
3.900000000e+04 -2.000000000e+04
3.905000000e+04 -2.000000000e+04
3.910000000e+04 -2.000000000e+04
3.915000000e+04 -2.000000000e+04
3.920000000e+04 -2.000000000e+04
3.925000000e+04 -2.000000000e+04
3.930000000e+04 -2.000000000e+04
3.935000000e+04 -2.000000000e+04
3.940000000e+04 -2.000000000e+04
3.945000000e+04 -2.000000000e+04
3.950000000e+04 -2.000000000e+04
3.955000000e+04 -2.000000000e+04
3.960000000e+04 -2.000000000e+04
3.965000000e+04 -2.000000000e+04
3.970000000e+04 -2.000000000e+04
3.975000000e+04 -2.000000000e+04
3.980000000e+04 -2.000000000e+04
3.985000000e+04 -2.000000000e+04
3.990000000e+04 -2.000000000e+04
3.995000000e+04 -2.000000000e+04
4.000000000e+04 -2.000000000e+04
# bz2 coords
0.000000000e+00 8.967203115e-02
5.000000000e+01 1.001823724e-01
1.000000000e+02 1.118624540e-01
1.500000000e+02 1.248349231e-01
2.000000000e+02 1.392344101e-01
2.500000000e+02 1.552086013e-01
3.000000000e+02 1.729193987e-01
3.500000000e+02 1.925441702e-01
4.000000000e+02 2.142770978e-01
4.500000000e+02 2.383306311e-01
5.000000000e+02 2.649370497e-01
5.500000000e+02 2.943501447e-01
6.000000000e+02 3.268470255e-01
6.500000000e+02 3.627300581e-01
7.000000000e+02 4.023289458e-01
7.500000000e+02 4.460029573e-01
8.000000000e+02 4.941433132e-01
8.500000000e+02 5.471757382e-01
9.000000000e+02 6.055631891e-01
9.500000000e+02 6.698087671e-01
1.000000000e+03 7.404588245e-01
1.050000000e+03 8.181062756e-01
1.100000000e+03 9.033941215e-01
1.150000000e+03 9.970191996e-01
1.200000000e+03 1.099736168e+00
1.250000000e+03 1.212361734e+00
1.300000000e+03 1.335779142e+00
1.350000000e+03 1.470942920e+00
1.400000000e+03 1.618883915e+00
1.450000000e+03 1.780714607e+00
1.500000000e+03 1.957634723e+00
1.550000000e+03 2.150937163e+00
1.600000000e+03 2.362014244e+00
1.650000000e+03 2.592364267e+00
1.700000000e+03 2.843598432e+00
1.750000000e+03 3.117448093e+00
1.800000000e+03 3.415772369e+00
1.850000000e+03 3.740566126e+00
1.900000000e+03 4.093968317e+00
1.950000000e+03 4.478270713e+00
2.000000000e+03 4.895927010e+00
2.050000000e+03 5.349562320e+00
2.100000000e+03 5.841983057e+00
2.150000000e+03 6.376187217e+00
2.200000000e+03 6.955375043e+00
2.250000000e+03 7.582960094e+00
2.300000000e+03 8.262580686e+00
2.350000000e+03 8.998111736e+00
2.400000000e+03 9.793676971e+00
2.450000000e+03 1.065366151e+01
2.500000000e+03 1.158272482e+01
2.550000000e+03 1.258581396e+01
2.600000000e+03 1.366817727e+01
2.650000000e+03 1.483537822e+01
2.700000000e+03 1.609330967e+01
2.750000000e+03 1.744820836e+01
2.800000000e+03 1.890666959e+01
2.850000000e+03 2.047566219e+01
2.900000000e+03 2.216254356e+01
2.950000000e+03 2.397507498e+01
3.000000000e+03 2.592143684e+01
3.050000000e+03 2.801024409e+01
3.100000000e+03 3.025056156e+01
3.150000000e+03 3.265191927e+01
3.200000000e+03 3.522432765e+01
3.250000000e+03 3.797829256e+01
3.300000000e+03 4.092483005e+01
3.350000000e+03 4.407548081e+01
3.400000000e+03 4.744232431e+01
3.450000000e+03 5.103799237e+01
3.500000000e+03 5.487568223e+01
3.550000000e+03 5.896916901e+01
3.600000000e+03 6.333281740e+01
3.650000000e+03 6.798159253e+01
3.700000000e+03 7.293106998e+01
3.750000000e+03 7.819744469e+01
3.800000000e+03 8.379753880e+01
3.850000000e+03 8.974880820e+01
3.900000000e+03 9.606934782e+01
3.950000000e+03 1.027778953e+02
4.000000000e+03 1.098938333e+02
4.050000000e+03 1.174371900e+02
4.100000000e+03 1.254286374e+02
4.150000000e+03 1.338894887e+02
4.200000000e+03 1.428416923e+02
4.250000000e+03 1.523078249e+02
4.300000000e+03 1.623110812e+02
4.350000000e+03 1.728752617e+02
4.400000000e+03 1.840247582e+02
4.450000000e+03 1.957845360e+02
4.500000000e+03 2.081801139e+02
4.550000000e+03 2.212375410e+02
4.600000000e+03 2.349833706e+02
4.650000000e+03 2.494446309e+02
4.700000000e+03 2.646487929e+02
4.750000000e+03 2.806237343e+02
4.800000000e+03 2.973977010e+02
4.850000000e+03 3.149992645e+02
4.900000000e+03 3.334572757e+02
4.950000000e+03 3.528008160e+02
5.000000000e+03 3.730591441e+02
5.050000000e+03 3.942616394e+02
5.100000000e+03 4.164377416e+02
5.150000000e+03 4.396168874e+02
5.200000000e+03 4.638284427e+02
5.250000000e+03 4.891016317e+02
5.300000000e+03 5.154654628e+02
5.350000000e+03 5.429486500e+02
5.400000000e+03 5.715795320e+02
5.450000000e+03 6.013859875e+02
5.500000000e+03 6.323953474e+02
5.550000000e+03 6.646343039e+02
5.600000000e+03 6.981288169e+02
5.650000000e+03 7.329040172e+02
5.700000000e+03 7.689841082e+02
5.750000000e+03 8.063922638e+02
5.800000000e+03 8.451505255e+02
5.850000000e+03 8.852796972e+02
5.900000000e+03 9.267992381e+02
5.950000000e+03 9.697271548e+02
6.000000000e+03 1.014079892e+03
6.050000000e+03 1.059872225e+03
6.100000000e+03 1.107117144e+03
6.150000000e+03 1.155825751e+03
6.200000000e+03 1.206007147e+03
6.250000000e+03 1.257668323e+03
6.300000000e+03 1.310814052e+03
6.350000000e+03 1.365446787e+03
6.400000000e+03 1.421566552e+03
6.450000000e+03 1.479170846e+03
6.500000000e+03 1.538254540e+03
6.550000000e+03 1.598809787e+03
6.600000000e+03 1.660825927e+03
6.650000000e+03 1.724289402e+03
6.700000000e+03 1.789183677e+03
6.750000000e+03 1.855489158e+03
6.800000000e+03 1.923183126e+03
6.850000000e+03 1.992239672e+03
6.900000000e+03 2.062629637e+03
6.950000000e+03 2.134320562e+03
7.000000000e+03 2.207276647e+03
7.050000000e+03 2.281458713e+03
7.100000000e+03 2.356824176e+03
7.150000000e+03 2.433327030e+03
7.200000000e+03 2.510917836e+03
7.250000000e+03 2.589543723e+03
7.300000000e+03 2.669148397e+03
7.350000000e+03 2.749672164e+03
7.400000000e+03 2.831051955e+03
7.450000000e+03 2.913221371e+03
7.500000000e+03 2.996110732e+03
7.550000000e+03 3.079647138e+03
7.600000000e+03 3.163754544e+03
7.650000000e+03 3.248353843e+03
7.700000000e+03 3.333362957e+03
7.750000000e+03 3.418696948e+03
7.800000000e+03 3.504268131e+03
7.850000000e+03 3.589986199e+03
7.900000000e+03 3.675758365e+03
7.950000000e+03 3.761489508e+03
8.000000000e+03 3.847082331e+03
8.050000000e+03 3.932437526e+03
8.100000000e+03 4.017453958e+03
8.150000000e+03 4.102028845e+03
8.200000000e+03 4.186057956e+03
8.250000000e+03 4.269435817e+03
8.300000000e+03 4.352055917e+03
8.350000000e+03 4.433810930e+03
8.400000000e+03 4.514592937e+03
8.450000000e+03 4.594293660e+03
8.500000000e+03 4.672804698e+03
8.550000000e+03 4.750017765e+03
8.600000000e+03 4.825824936e+03
8.650000000e+03 4.900118896e+03
8.700000000e+03 4.972793186e+03
8.750000000e+03 5.043742460e+03
8.800000000e+03 5.112862734e+03
8.850000000e+03 5.180051637e+03
8.900000000e+03 5.245208666e+03
8.950000000e+03 5.308235430e+03
9.000000000e+03 5.369035901e+03
9.050000000e+03 5.427516655e+03
9.100000000e+03 5.483587112e+03
9.150000000e+03 5.537159765e+03
9.200000000e+03 5.588150413e+03
9.250000000e+03 5.636478377e+03
9.300000000e+03 5.682066715e+03
9.350000000e+03 5.724842424e+03
9.400000000e+03 5.764736635e+03
9.450000000e+03 5.801684800e+03
9.500000000e+03 5.835626863e+03
9.550000000e+03 5.866507423e+03
9.600000000e+03 5.894275888e+03
9.650000000e+03 5.918886607e+03
9.700000000e+03 5.940299002e+03
9.750000000e+03 5.958477675e+03
9.800000000e+03 5.973392505e+03
9.850000000e+03 5.985018734e+03
9.900000000e+03 5.993337036e+03
9.950000000e+03 5.998333565e+03
1.000000000e+04 6.000000000e+03
1.005000000e+04 5.998333565e+03
1.010000000e+04 5.993337036e+03
1.015000000e+04 5.985018734e+03
1.020000000e+04 5.973392505e+03
1.025000000e+04 5.958477675e+03
1.030000000e+04 5.940299002e+03
1.035000000e+04 5.918886607e+03
1.040000000e+04 5.894275888e+03
1.045000000e+04 5.866507423e+03
1.050000000e+04 5.835626863e+03
1.055000000e+04 5.801684800e+03
1.060000000e+04 5.764736635e+03
1.065000000e+04 5.724842424e+03
1.070000000e+04 5.682066715e+03
1.075000000e+04 5.636478377e+03
1.080000000e+04 5.588150413e+03
1.085000000e+04 5.537159765e+03
1.090000000e+04 5.483587112e+03
1.095000000e+04 5.427516655e+03
1.100000000e+04 5.369035901e+03
1.105000000e+04 5.308235430e+03
1.110000000e+04 5.245208666e+03
1.115000000e+04 5.180051637e+03
1.120000000e+04 5.112862734e+03
1.125000000e+04 5.043742460e+03
1.130000000e+04 4.972793186e+03
1.135000000e+04 4.900118896e+03
1.140000000e+04 4.825824936e+03
1.145000000e+04 4.750017765e+03
1.150000000e+04 4.672804698e+03
1.155000000e+04 4.594293660e+03
1.160000000e+04 4.514592937e+03
1.165000000e+04 4.433810930e+03
1.170000000e+04 4.352055917e+03
1.175000000e+04 4.269435817e+03
1.180000000e+04 4.186057956e+03
1.185000000e+04 4.102028845e+03
1.190000000e+04 4.017453958e+03
1.195000000e+04 3.932437526e+03
1.200000000e+04 3.847082331e+03
1.205000000e+04 3.761489508e+03
1.210000000e+04 3.675758365e+03
1.215000000e+04 3.589986199e+03
1.220000000e+04 3.504268131e+03
1.225000000e+04 3.418696948e+03
1.230000000e+04 3.333362957e+03
1.235000000e+04 3.248353843e+03
1.240000000e+04 3.163754544e+03
1.245000000e+04 3.079647138e+03
1.250000000e+04 2.996110732e+03
1.255000000e+04 2.913221371e+03
1.260000000e+04 2.831051955e+03
1.265000000e+04 2.749672164e+03
1.270000000e+04 2.669148397e+03
1.275000000e+04 2.589543723e+03
1.280000000e+04 2.510917836e+03
1.285000000e+04 2.433327030e+03
1.290000000e+04 2.356824176e+03
1.295000000e+04 2.281458713e+03
1.300000000e+04 2.207276647e+03
1.305000000e+04 2.134320562e+03
1.310000000e+04 2.062629637e+03
1.315000000e+04 1.992239672e+03
1.320000000e+04 1.923183126e+03
1.325000000e+04 1.855489158e+03
1.330000000e+04 1.789183677e+03
1.335000000e+04 1.724289402e+03
1.340000000e+04 1.660825927e+03
1.345000000e+04 1.598809787e+03
1.350000000e+04 1.538254540e+03
1.355000000e+04 1.479170846e+03
1.360000000e+04 1.421566552e+03
1.365000000e+04 1.365446787e+03
1.370000000e+04 1.310814052e+03
1.375000000e+04 1.257668323e+03
1.380000000e+04 1.206007147e+03
1.385000000e+04 1.155825751e+03
1.390000000e+04 1.107117144e+03
1.395000000e+04 1.059872225e+03
1.400000000e+04 1.014079892e+03
1.405000000e+04 9.697271548e+02
1.410000000e+04 9.267992381e+02
1.415000000e+04 8.852796972e+02
1.420000000e+04 8.451505255e+02
1.425000000e+04 8.063922638e+02
1.430000000e+04 7.689841082e+02
1.435000000e+04 7.329040172e+02
1.440000000e+04 6.981288168e+02
1.445000000e+04 6.646343039e+02
1.450000000e+04 6.323953474e+02
1.455000000e+04 6.013859875e+02
1.460000000e+04 5.715795319e+02
1.465000000e+04 5.429486500e+02
1.470000000e+04 5.154654628e+02
1.475000000e+04 4.891016317e+02
1.480000000e+04 4.638284426e+02
1.485000000e+04 4.396168873e+02
1.490000000e+04 4.164377415e+02
1.495000000e+04 3.942616393e+02
1.500000000e+04 3.730591440e+02
1.505000000e+04 3.528008159e+02
1.510000000e+04 3.334572756e+02
1.515000000e+04 3.149992643e+02
1.520000000e+04 2.973977009e+02
1.525000000e+04 2.806237341e+02
1.530000000e+04 2.646487927e+02
1.535000000e+04 2.494446307e+02
1.540000000e+04 2.349833703e+02
1.545000000e+04 2.212375406e+02
1.550000000e+04 2.081801134e+02
1.555000000e+04 1.957845355e+02
1.560000000e+04 1.840247576e+02
1.565000000e+04 1.728752610e+02
1.570000000e+04 1.623110804e+02
1.575000000e+04 1.523078240e+02
1.580000000e+04 1.428416912e+02
1.585000000e+04 1.338894874e+02
1.590000000e+04 1.254286359e+02
1.595000000e+04 1.174371882e+02
1.600000000e+04 1.098938312e+02
1.605000000e+04 1.027778929e+02
1.610000000e+04 9.606934497e+01
1.615000000e+04 8.974880488e+01
1.620000000e+04 8.379753492e+01
1.625000000e+04 7.819744017e+01
1.630000000e+04 7.293106472e+01
1.635000000e+04 6.798158640e+01
1.640000000e+04 6.333281027e+01
1.645000000e+04 5.896916072e+01
1.650000000e+04 5.487567260e+01
1.655000000e+04 5.103798118e+01
1.660000000e+04 4.744231132e+01
1.665000000e+04 4.407546574e+01
1.670000000e+04 4.092481257e+01
1.675000000e+04 3.797827232e+01
1.680000000e+04 3.522430420e+01
1.685000000e+04 3.265189212e+01
1.690000000e+04 3.025053014e+01
1.695000000e+04 2.801020777e+01
1.700000000e+04 2.592139486e+01
1.705000000e+04 2.397502649e+01
1.710000000e+04 2.216248758e+01
1.715000000e+04 2.047559760e+01
1.720000000e+04 1.890659511e+01
1.725000000e+04 1.744812251e+01
1.730000000e+04 1.609321079e+01
1.735000000e+04 1.483526438e+01
1.740000000e+04 1.366804629e+01
1.745000000e+04 1.258566335e+01
1.750000000e+04 1.158255171e+01
1.755000000e+04 1.065346267e+01
1.760000000e+04 9.793448690e+00
1.765000000e+04 8.997849805e+00
1.770000000e+04 8.262280313e+00
1.775000000e+04 7.582615828e+00
1.780000000e+04 6.954980690e+00
1.785000000e+04 6.375735739e+00
1.790000000e+04 5.841466468e+00
1.795000000e+04 5.348971557e+00
1.800000000e+04 4.895251799e+00
1.805000000e+04 4.477499411e+00
1.810000000e+04 4.093087736e+00
1.815000000e+04 3.739561344e+00
1.820000000e+04 3.414626505e+00
1.825000000e+04 3.116142063e+00
1.830000000e+04 2.842110675e+00
1.835000000e+04 2.590670437e+00
1.840000000e+04 2.360086869e+00
1.845000000e+04 2.148745261e+00
1.850000000e+04 1.955143371e+00
1.855000000e+04 1.777884468e+00
1.860000000e+04 1.615670706e+00
1.865000000e+04 1.467296817e+00
1.870000000e+04 1.331644121e+00
1.875000000e+04 1.207674841e+00
1.880000000e+04 1.094426697e+00
1.885000000e+04 9.910077921e-01
1.890000000e+04 8.965917586e-01
1.895000000e+04 8.104131620e-01
1.900000000e+04 7.317631512e-01
1.905000000e+04 6.599853403e-01
1.910000000e+04 5.944719124e-01
1.915000000e+04 5.346599331e-01
1.920000000e+04 4.800278620e-01
1.925000000e+04 4.300922508e-01
1.930000000e+04 3.844046175e-01
1.935000000e+04 3.425484838e-01
1.940000000e+04 3.041365661e-01
1.945000000e+04 2.688081083e-01
1.950000000e+04 2.362263453e-01
1.955000000e+04 2.060760877e-01
1.960000000e+04 1.780614151e-01
1.965000000e+04 1.519034702e-01
1.970000000e+04 1.273383401e-01
1.975000000e+04 1.041150181e-01
1.980000000e+04 8.199343282e-02
1.985000000e+04 6.074253653e-02
1.990000000e+04 4.013844229e-02
1.995000000e+04 1.996259971e-02
2.000000000e+04 0.000000000e+00
2.005000000e+04 -1.996259971e-02
2.010000000e+04 -4.013844229e-02
2.015000000e+04 -6.074253653e-02
2.020000000e+04 -8.199343282e-02
2.025000000e+04 -1.041150181e-01
2.030000000e+04 -1.273383401e-01
2.035000000e+04 -1.519034702e-01
2.040000000e+04 -1.780614151e-01
2.045000000e+04 -2.060760877e-01
2.050000000e+04 -2.362263453e-01
2.055000000e+04 -2.688081083e-01
2.060000000e+04 -3.041365661e-01
2.065000000e+04 -3.425484838e-01
2.070000000e+04 -3.844046175e-01
2.075000000e+04 -4.300922508e-01
2.080000000e+04 -4.800278620e-01
2.085000000e+04 -5.346599331e-01
2.090000000e+04 -5.944719124e-01
2.095000000e+04 -6.599853403e-01
2.100000000e+04 -7.317631512e-01
2.105000000e+04 -8.104131620e-01
2.110000000e+04 -8.965917586e-01
2.115000000e+04 -9.910077921e-01
2.120000000e+04 -1.094426697e+00
2.125000000e+04 -1.207674841e+00
2.130000000e+04 -1.331644121e+00
2.135000000e+04 -1.467296817e+00
2.140000000e+04 -1.615670706e+00
2.145000000e+04 -1.777884468e+00
2.150000000e+04 -1.955143371e+00
2.155000000e+04 -2.148745261e+00
2.160000000e+04 -2.360086869e+00
2.165000000e+04 -2.590670437e+00
2.170000000e+04 -2.842110675e+00
2.175000000e+04 -3.116142063e+00
2.180000000e+04 -3.414626505e+00
2.185000000e+04 -3.739561344e+00
2.190000000e+04 -4.093087736e+00
2.195000000e+04 -4.477499411e+00
2.200000000e+04 -4.895251799e+00
2.205000000e+04 -5.348971557e+00
2.210000000e+04 -5.841466468e+00
2.215000000e+04 -6.375735739e+00
2.220000000e+04 -6.954980690e+00
2.225000000e+04 -7.582615828e+00
2.230000000e+04 -8.262280313e+00
2.235000000e+04 -8.997849805e+00
2.240000000e+04 -9.793448690e+00
2.245000000e+04 -1.065346267e+01
2.250000000e+04 -1.158255171e+01
2.255000000e+04 -1.258566335e+01
2.260000000e+04 -1.366804629e+01
2.265000000e+04 -1.483526438e+01
2.270000000e+04 -1.609321079e+01
2.275000000e+04 -1.744812251e+01
2.280000000e+04 -1.890659511e+01
2.285000000e+04 -2.047559760e+01
2.290000000e+04 -2.216248758e+01
2.295000000e+04 -2.397502649e+01
2.300000000e+04 -2.592139486e+01
2.305000000e+04 -2.801020777e+01
2.310000000e+04 -3.025053014e+01
2.315000000e+04 -3.265189212e+01
2.320000000e+04 -3.522430420e+01
2.325000000e+04 -3.797827232e+01
2.330000000e+04 -4.092481257e+01
2.335000000e+04 -4.407546574e+01
2.340000000e+04 -4.744231132e+01
2.345000000e+04 -5.103798118e+01
2.350000000e+04 -5.487567260e+01
2.355000000e+04 -5.896916072e+01
2.360000000e+04 -6.333281027e+01
2.365000000e+04 -6.798158640e+01
2.370000000e+04 -7.293106472e+01
2.375000000e+04 -7.819744017e+01
2.380000000e+04 -8.379753492e+01
2.385000000e+04 -8.974880488e+01
2.390000000e+04 -9.606934497e+01
2.395000000e+04 -1.027778929e+02
2.400000000e+04 -1.098938312e+02
2.405000000e+04 -1.174371882e+02
2.410000000e+04 -1.254286359e+02
2.415000000e+04 -1.338894874e+02
2.420000000e+04 -1.428416912e+02
2.425000000e+04 -1.523078240e+02
2.430000000e+04 -1.623110804e+02
2.435000000e+04 -1.728752610e+02
2.440000000e+04 -1.840247576e+02
2.445000000e+04 -1.957845355e+02
2.450000000e+04 -2.081801134e+02
2.455000000e+04 -2.212375406e+02
2.460000000e+04 -2.349833703e+02
2.465000000e+04 -2.494446307e+02
2.470000000e+04 -2.646487927e+02
2.475000000e+04 -2.806237341e+02
2.480000000e+04 -2.973977009e+02
2.485000000e+04 -3.149992643e+02
2.490000000e+04 -3.334572756e+02
2.495000000e+04 -3.528008159e+02
2.500000000e+04 -3.730591440e+02
2.505000000e+04 -3.942616393e+02
2.510000000e+04 -4.164377415e+02
2.515000000e+04 -4.396168873e+02
2.520000000e+04 -4.638284426e+02
2.525000000e+04 -4.891016317e+02
2.530000000e+04 -5.154654628e+02
2.535000000e+04 -5.429486500e+02
2.540000000e+04 -5.715795319e+02
2.545000000e+04 -6.013859875e+02
2.550000000e+04 -6.323953474e+02
2.555000000e+04 -6.646343039e+02
2.560000000e+04 -6.981288168e+02
2.565000000e+04 -7.329040172e+02
2.570000000e+04 -7.689841082e+02
2.575000000e+04 -8.063922638e+02
2.580000000e+04 -8.451505255e+02
2.585000000e+04 -8.852796972e+02
2.590000000e+04 -9.267992381e+02
2.595000000e+04 -9.697271548e+02
2.600000000e+04 -1.014079892e+03
2.605000000e+04 -1.059872225e+03
2.610000000e+04 -1.107117144e+03
2.615000000e+04 -1.155825751e+03
2.620000000e+04 -1.206007147e+03
2.625000000e+04 -1.257668323e+03
2.630000000e+04 -1.310814052e+03
2.635000000e+04 -1.365446787e+03
2.640000000e+04 -1.421566552e+03
2.645000000e+04 -1.479170846e+03
2.650000000e+04 -1.538254540e+03
2.655000000e+04 -1.598809787e+03
2.660000000e+04 -1.660825927e+03
2.665000000e+04 -1.724289402e+03
2.670000000e+04 -1.789183677e+03
2.675000000e+04 -1.855489158e+03
2.680000000e+04 -1.923183126e+03
2.685000000e+04 -1.992239672e+03
2.690000000e+04 -2.062629637e+03
2.695000000e+04 -2.134320562e+03
2.700000000e+04 -2.207276647e+03
2.705000000e+04 -2.281458713e+03
2.710000000e+04 -2.356824176e+03
2.715000000e+04 -2.433327030e+03
2.720000000e+04 -2.510917836e+03
2.725000000e+04 -2.589543723e+03
2.730000000e+04 -2.669148397e+03
2.735000000e+04 -2.749672164e+03
2.740000000e+04 -2.831051955e+03
2.745000000e+04 -2.913221371e+03
2.750000000e+04 -2.996110732e+03
2.755000000e+04 -3.079647138e+03
2.760000000e+04 -3.163754544e+03
2.765000000e+04 -3.248353843e+03
2.770000000e+04 -3.333362957e+03
2.775000000e+04 -3.418696948e+03
2.780000000e+04 -3.504268131e+03
2.785000000e+04 -3.589986199e+03
2.790000000e+04 -3.675758365e+03
2.795000000e+04 -3.761489508e+03
2.800000000e+04 -3.847082331e+03
2.805000000e+04 -3.932437526e+03
2.810000000e+04 -4.017453958e+03
2.815000000e+04 -4.102028845e+03
2.820000000e+04 -4.186057956e+03
2.825000000e+04 -4.269435817e+03
2.830000000e+04 -4.352055917e+03
2.835000000e+04 -4.433810930e+03
2.840000000e+04 -4.514592937e+03
2.845000000e+04 -4.594293660e+03
2.850000000e+04 -4.672804698e+03
2.855000000e+04 -4.750017765e+03
2.860000000e+04 -4.825824936e+03
2.865000000e+04 -4.900118896e+03
2.870000000e+04 -4.972793186e+03
2.875000000e+04 -5.043742460e+03
2.880000000e+04 -5.112862734e+03
2.885000000e+04 -5.180051637e+03
2.890000000e+04 -5.245208666e+03
2.895000000e+04 -5.308235430e+03
2.900000000e+04 -5.369035901e+03
2.905000000e+04 -5.427516655e+03
2.910000000e+04 -5.483587112e+03
2.915000000e+04 -5.537159765e+03
2.920000000e+04 -5.588150413e+03
2.925000000e+04 -5.636478377e+03
2.930000000e+04 -5.682066715e+03
2.935000000e+04 -5.724842424e+03
2.940000000e+04 -5.764736635e+03
2.945000000e+04 -5.801684800e+03
2.950000000e+04 -5.835626863e+03
2.955000000e+04 -5.866507423e+03
2.960000000e+04 -5.894275888e+03
2.965000000e+04 -5.918886607e+03
2.970000000e+04 -5.940299002e+03
2.975000000e+04 -5.958477675e+03
2.980000000e+04 -5.973392505e+03
2.985000000e+04 -5.985018734e+03
2.990000000e+04 -5.993337036e+03
2.995000000e+04 -5.998333565e+03
3.000000000e+04 -6.000000000e+03
3.005000000e+04 -5.998333565e+03
3.010000000e+04 -5.993337036e+03
3.015000000e+04 -5.985018734e+03
3.020000000e+04 -5.973392505e+03
3.025000000e+04 -5.958477675e+03
3.030000000e+04 -5.940299002e+03
3.035000000e+04 -5.918886607e+03
3.040000000e+04 -5.894275888e+03
3.045000000e+04 -5.866507423e+03
3.050000000e+04 -5.835626863e+03
3.055000000e+04 -5.801684800e+03
3.060000000e+04 -5.764736635e+03
3.065000000e+04 -5.724842424e+03
3.070000000e+04 -5.682066715e+03
3.075000000e+04 -5.636478377e+03
3.080000000e+04 -5.588150413e+03
3.085000000e+04 -5.537159765e+03
3.090000000e+04 -5.483587112e+03
3.095000000e+04 -5.427516655e+03
3.100000000e+04 -5.369035901e+03
3.105000000e+04 -5.308235430e+03
3.110000000e+04 -5.245208666e+03
3.115000000e+04 -5.180051637e+03
3.120000000e+04 -5.112862734e+03
3.125000000e+04 -5.043742460e+03
3.130000000e+04 -4.972793186e+03
3.135000000e+04 -4.900118896e+03
3.140000000e+04 -4.825824936e+03
3.145000000e+04 -4.750017765e+03
3.150000000e+04 -4.672804698e+03
3.155000000e+04 -4.594293660e+03
3.160000000e+04 -4.514592937e+03
3.165000000e+04 -4.433810930e+03
3.170000000e+04 -4.352055917e+03
3.175000000e+04 -4.269435817e+03
3.180000000e+04 -4.186057956e+03
3.185000000e+04 -4.102028845e+03
3.190000000e+04 -4.017453958e+03
3.195000000e+04 -3.932437526e+03
3.200000000e+04 -3.847082331e+03
3.205000000e+04 -3.761489508e+03
3.210000000e+04 -3.675758365e+03
3.215000000e+04 -3.589986199e+03
3.220000000e+04 -3.504268131e+03
3.225000000e+04 -3.418696948e+03
3.230000000e+04 -3.333362957e+03
3.235000000e+04 -3.248353843e+03
3.240000000e+04 -3.163754544e+03
3.245000000e+04 -3.079647138e+03
3.250000000e+04 -2.996110732e+03
3.255000000e+04 -2.913221371e+03
3.260000000e+04 -2.831051955e+03
3.265000000e+04 -2.749672164e+03
3.270000000e+04 -2.669148397e+03
3.275000000e+04 -2.589543723e+03
3.280000000e+04 -2.510917836e+03
3.285000000e+04 -2.433327030e+03
3.290000000e+04 -2.356824176e+03
3.295000000e+04 -2.281458713e+03
3.300000000e+04 -2.207276647e+03
3.305000000e+04 -2.134320562e+03
3.310000000e+04 -2.062629637e+03
3.315000000e+04 -1.992239672e+03
3.320000000e+04 -1.923183126e+03
3.325000000e+04 -1.855489158e+03
3.330000000e+04 -1.789183677e+03
3.335000000e+04 -1.724289402e+03
3.340000000e+04 -1.660825927e+03
3.345000000e+04 -1.598809787e+03
3.350000000e+04 -1.538254540e+03
3.355000000e+04 -1.479170846e+03
3.360000000e+04 -1.421566552e+03
3.365000000e+04 -1.365446787e+03
3.370000000e+04 -1.310814052e+03
3.375000000e+04 -1.257668323e+03
3.380000000e+04 -1.206007147e+03
3.385000000e+04 -1.155825751e+03
3.390000000e+04 -1.107117144e+03
3.395000000e+04 -1.059872225e+03
3.400000000e+04 -1.014079892e+03
3.405000000e+04 -9.697271548e+02
3.410000000e+04 -9.267992381e+02
3.415000000e+04 -8.852796972e+02
3.420000000e+04 -8.451505255e+02
3.425000000e+04 -8.063922638e+02
3.430000000e+04 -7.689841082e+02
3.435000000e+04 -7.329040172e+02
3.440000000e+04 -6.981288169e+02
3.445000000e+04 -6.646343039e+02
3.450000000e+04 -6.323953474e+02
3.455000000e+04 -6.013859875e+02
3.460000000e+04 -5.715795320e+02
3.465000000e+04 -5.429486500e+02
3.470000000e+04 -5.154654628e+02
3.475000000e+04 -4.891016317e+02
3.480000000e+04 -4.638284427e+02
3.485000000e+04 -4.396168874e+02
3.490000000e+04 -4.164377416e+02
3.495000000e+04 -3.942616394e+02
3.500000000e+04 -3.730591441e+02
3.505000000e+04 -3.528008160e+02
3.510000000e+04 -3.334572757e+02
3.515000000e+04 -3.149992645e+02
3.520000000e+04 -2.973977010e+02
3.525000000e+04 -2.806237343e+02
3.530000000e+04 -2.646487929e+02
3.535000000e+04 -2.494446309e+02
3.540000000e+04 -2.349833706e+02
3.545000000e+04 -2.212375410e+02
3.550000000e+04 -2.081801139e+02
3.555000000e+04 -1.957845360e+02
3.560000000e+04 -1.840247582e+02
3.565000000e+04 -1.728752617e+02
3.570000000e+04 -1.623110812e+02
3.575000000e+04 -1.523078249e+02
3.580000000e+04 -1.428416923e+02
3.585000000e+04 -1.338894887e+02
3.590000000e+04 -1.254286374e+02
3.595000000e+04 -1.174371900e+02
3.600000000e+04 -1.098938333e+02
3.605000000e+04 -1.027778953e+02
3.610000000e+04 -9.606934782e+01
3.615000000e+04 -8.974880820e+01
3.620000000e+04 -8.379753880e+01
3.625000000e+04 -7.819744469e+01
3.630000000e+04 -7.293106998e+01
3.635000000e+04 -6.798159253e+01
3.640000000e+04 -6.333281740e+01
3.645000000e+04 -5.896916901e+01
3.650000000e+04 -5.487568223e+01
3.655000000e+04 -5.103799237e+01
3.660000000e+04 -4.744232431e+01
3.665000000e+04 -4.407548081e+01
3.670000000e+04 -4.092483005e+01
3.675000000e+04 -3.797829256e+01
3.680000000e+04 -3.522432765e+01
3.685000000e+04 -3.265191927e+01
3.690000000e+04 -3.025056156e+01
3.695000000e+04 -2.801024409e+01
3.700000000e+04 -2.592143684e+01
3.705000000e+04 -2.397507498e+01
3.710000000e+04 -2.216254356e+01
3.715000000e+04 -2.047566219e+01
3.720000000e+04 -1.890666959e+01
3.725000000e+04 -1.744820836e+01
3.730000000e+04 -1.609330967e+01
3.735000000e+04 -1.483537822e+01
3.740000000e+04 -1.366817727e+01
3.745000000e+04 -1.258581396e+01
3.750000000e+04 -1.158272482e+01
3.755000000e+04 -1.065366151e+01
3.760000000e+04 -9.793676971e+00
3.765000000e+04 -8.998111736e+00
3.770000000e+04 -8.262580686e+00
3.775000000e+04 -7.582960094e+00
3.780000000e+04 -6.955375043e+00
3.785000000e+04 -6.376187217e+00
3.790000000e+04 -5.841983057e+00
3.795000000e+04 -5.349562320e+00
3.800000000e+04 -4.895927010e+00
3.805000000e+04 -4.478270713e+00
3.810000000e+04 -4.093968317e+00
3.815000000e+04 -3.740566126e+00
3.820000000e+04 -3.415772369e+00
3.825000000e+04 -3.117448093e+00
3.830000000e+04 -2.843598432e+00
3.835000000e+04 -2.592364267e+00
3.840000000e+04 -2.362014244e+00
3.845000000e+04 -2.150937163e+00
3.850000000e+04 -1.957634723e+00
3.855000000e+04 -1.780714607e+00
3.860000000e+04 -1.618883915e+00
3.865000000e+04 -1.470942920e+00
3.870000000e+04 -1.335779142e+00
3.875000000e+04 -1.212361734e+00
3.880000000e+04 -1.099736168e+00
3.885000000e+04 -9.970191996e-01
3.890000000e+04 -9.033941215e-01
3.895000000e+04 -8.181062756e-01
3.900000000e+04 -7.404588245e-01
3.905000000e+04 -6.698087671e-01
3.910000000e+04 -6.055631891e-01
3.915000000e+04 -5.471757382e-01
3.920000000e+04 -4.941433132e-01
3.925000000e+04 -4.460029573e-01
3.930000000e+04 -4.023289458e-01
3.935000000e+04 -3.627300581e-01
3.940000000e+04 -3.268470255e-01
3.945000000e+04 -2.943501447e-01
3.950000000e+04 -2.649370497e-01
3.955000000e+04 -2.383306311e-01
3.960000000e+04 -2.142770978e-01
3.965000000e+04 -1.925441702e-01
3.970000000e+04 -1.729193987e-01
3.975000000e+04 -1.552086013e-01
3.980000000e+04 -1.392344101e-01
3.985000000e+04 -1.248349231e-01
3.990000000e+04 -1.118624540e-01
3.995000000e+04 -1.001823724e-01
4.000000000e+04 -8.967203115e-02
